object={
	name="tree_yellow_high_generator_1_0"
	render_pass=Map
	clamp_to_water_level=no
	generated_content=yes
	layer="tree_high_layer"
	pdxmesh="tree_yellow_01_a_mesh"
	count=366
	transform="124.733719 0.000000 478.940979 0.000000 0.755184 0.000000 -0.655513 0.959908 0.959908 0.959908
126.797180 0.000000 480.168945 0.000000 0.865941 0.000000 0.500147 0.749788 0.749788 0.749788
125.162491 0.000000 480.749756 0.000000 0.928805 0.000000 0.370568 0.627132 0.627132 0.627132
632.728943 0.000000 230.628464 0.000000 0.973693 0.000000 -0.227866 0.809642 0.809642 0.809642
662.661865 0.000000 154.158524 0.000000 0.954531 0.000000 0.298113 0.789117 0.789117 0.789117
683.669800 0.000000 153.138855 0.000000 0.996711 0.000000 -0.081038 0.804051 0.804051 0.804051
680.875549 0.000000 154.152985 0.000000 0.181647 0.000000 -0.983364 0.941394 0.941394 0.941394
652.351685 0.000000 171.084122 0.000000 0.175183 0.000000 0.984536 0.738718 0.738718 0.738718
687.302551 0.000000 174.047180 0.000000 0.580605 0.000000 -0.814186 0.855101 0.855101 0.855101
672.997070 0.000000 164.650131 0.000000 0.904930 0.000000 -0.425560 0.830728 0.830728 0.830728
698.059509 0.000000 172.469025 0.000000 0.322221 0.000000 0.946665 0.673417 0.673417 0.673417
675.250122 0.000000 167.370483 0.000000 0.002862 0.000000 -0.999996 0.959708 0.959708 0.959708
729.674377 0.000000 178.333893 0.000000 0.359460 0.000000 0.933161 0.785583 0.785583 0.785583
724.597717 0.000000 168.124649 0.000000 0.929994 0.000000 0.367575 0.779702 0.779702 0.779702
708.230591 0.000000 170.082260 0.000000 0.674774 0.000000 0.738024 0.760208 0.760208 0.760208
730.162598 0.000000 183.075470 0.000000 0.983614 0.000000 -0.180289 0.813034 0.813034 0.813034
729.413818 0.000000 187.197830 0.000000 0.996533 0.000000 0.083194 0.793013 0.793013 0.793013
709.008667 0.000000 190.763367 0.000000 0.915412 0.000000 0.402517 0.757803 0.757803 0.757803
725.430420 0.000000 170.807922 0.000000 0.759928 0.000000 -0.650007 0.872075 0.872075 0.872075
710.819275 0.000000 184.745270 0.000000 0.862502 0.000000 0.506053 0.742774 0.742774 0.742774
723.070374 0.000000 170.254944 0.000000 0.995953 0.000000 -0.089878 0.812223 0.812223 0.812223
708.458374 0.000000 187.328323 0.000000 0.906320 0.000000 0.422592 0.741616 0.741616 0.741616
712.515442 0.000000 188.572906 0.000000 0.809656 0.000000 -0.586905 0.927778 0.927778 0.927778
738.611206 0.000000 191.881104 0.000000 0.663418 0.000000 0.748249 0.713886 0.713886 0.713886
659.806580 0.000000 204.693954 0.000000 0.214598 0.000000 -0.976702 0.891980 0.891980 0.891980
655.190979 0.000000 216.233566 0.000000 0.943026 0.000000 0.332719 0.772903 0.772903 0.772903
659.316772 0.000000 218.093903 0.000000 0.384295 0.000000 -0.923210 0.903376 0.903376 0.903376
651.208008 0.000000 199.062988 0.000000 0.976266 0.000000 -0.216575 0.815696 0.815696 0.815696
648.883362 0.000000 218.121735 0.000000 0.673319 0.000000 0.739353 0.731861 0.731861 0.731861
645.774109 0.000000 199.617325 0.000000 0.186182 0.000000 0.982515 0.653549 0.653549 0.653549
661.446045 0.000000 202.792297 0.000000 0.709306 0.000000 -0.704901 0.879683 0.879683 0.879683
643.257935 0.000000 199.354858 0.000000 0.682989 0.000000 0.730429 0.690412 0.690412 0.690412
676.238403 0.000000 202.066635 0.000000 0.616391 0.000000 -0.787440 0.839837 0.839837 0.839837
680.875549 0.000000 218.121735 0.000000 0.295281 0.000000 -0.955410 0.924390 0.924390 0.924390
674.626831 0.000000 223.865479 0.000000 0.531052 0.000000 0.847339 0.672796 0.672796 0.672796
698.059509 0.000000 204.453400 0.000000 0.997190 0.000000 0.074919 0.792362 0.792362 0.792362
677.421387 0.000000 204.437729 0.000000 0.971924 0.000000 0.235296 0.775806 0.775806 0.775806
680.523254 0.000000 220.557281 0.000000 0.640561 0.000000 -0.767907 0.969626 0.969626 0.969626
703.162292 0.000000 204.060104 0.000000 0.987930 0.000000 -0.154898 0.831373 0.831373 0.831373
678.647888 0.000000 221.906982 0.000000 0.974184 0.000000 -0.225757 0.849575 0.849575 0.849575
652.351685 0.000000 235.052872 0.000000 0.932222 0.000000 0.361887 0.780771 0.780771 0.780771
655.310364 0.000000 238.015930 0.000000 0.972007 0.000000 0.234951 0.789105 0.789105 0.789105
666.178223 0.000000 247.044220 0.000000 0.241529 0.000000 0.970394 0.725799 0.725799 0.725799
669.673035 0.000000 227.078949 0.000000 0.494279 0.000000 -0.869303 0.886292 0.886292 0.886292
651.584900 0.000000 226.539825 0.000000 0.812558 0.000000 -0.582880 0.855927 0.855927 0.855927
649.782410 0.000000 234.626266 0.000000 0.823939 0.000000 -0.566678 0.861367 0.861367 0.861367
665.776917 0.000000 244.738235 0.000000 0.451729 0.000000 -0.892155 0.967287 0.967287 0.967287
655.382080 0.000000 229.593948 0.000000 0.331441 0.000000 -0.943476 1.046253 1.046253 1.046253
674.462463 0.000000 242.901428 0.000000 0.689177 0.000000 -0.724593 0.877695 0.877695 0.877695
683.577087 0.000000 226.539825 0.000000 0.816267 0.000000 0.577675 0.744648 0.744648 0.744648
677.889038 0.000000 226.691467 0.000000 0.806487 0.000000 0.591252 0.710293 0.710293 0.710293
680.601746 0.000000 223.891708 0.000000 0.013032 0.000000 -0.999915 1.148457 1.148457 1.148457
679.858032 0.000000 227.666092 0.000000 0.405750 0.000000 -0.913984 1.032584 1.032584 1.032584
707.911499 0.000000 206.563965 0.000000 0.992095 0.000000 0.125488 0.797738 0.797738 0.797738
730.585510 0.000000 207.013138 0.000000 0.330796 0.000000 0.943702 0.723619 0.723619 0.723619
718.580261 0.000000 192.766113 0.000000 0.945096 0.000000 0.326792 0.771410 0.771410 0.771410
724.544373 0.000000 192.939865 0.000000 0.602819 0.000000 0.797878 0.705906 0.705906 0.705906
722.540771 0.000000 194.775986 0.000000 0.285183 0.000000 0.958473 0.636182 0.636182 0.636182
730.051697 0.000000 204.453400 0.000000 0.613357 0.000000 -0.789806 0.892742 0.892742 0.892742
714.579956 0.000000 205.034103 0.000000 0.720815 0.000000 0.693128 0.717406 0.717406 0.717406
707.242310 0.000000 199.354858 0.000000 0.316850 0.000000 -0.948476 0.934640 0.934640 0.934640
705.000977 0.000000 202.191772 0.000000 0.958279 0.000000 0.285833 0.765842 0.765842 0.765842
706.574402 0.000000 201.063965 0.000000 0.787978 0.000000 0.615703 0.664878 0.664878 0.664878
712.133423 0.000000 203.412445 0.000000 0.987759 0.000000 0.155989 0.764651 0.764651 0.764651
738.446838 0.000000 210.917053 0.000000 0.500089 0.000000 -0.865974 0.881561 0.881561 0.881561
730.585510 0.000000 238.997513 0.000000 0.830172 0.000000 -0.557507 0.847245 0.847245 0.847245
727.947571 0.000000 247.983917 0.000000 0.734768 0.000000 -0.678319 0.902733 0.902733 0.902733
728.776733 0.000000 240.228790 0.000000 0.972812 0.000000 0.231597 0.758455 0.758455 0.758455
727.913330 0.000000 243.609589 0.000000 0.581386 0.000000 -0.813628 0.972728 0.972728 0.972728
740.659607 0.000000 229.010620 0.000000 0.264500 0.000000 0.964386 0.760961 0.760961 0.760961
745.631775 0.000000 242.994965 0.000000 0.110976 0.000000 0.993823 0.692139 0.692139 0.692139
758.292114 0.000000 252.994354 0.000000 0.495925 0.000000 0.868365 0.713864 0.713864 0.713864
743.191284 0.000000 229.470337 0.000000 0.348431 0.000000 -0.937334 0.923749 0.923749 0.923749
759.939758 0.000000 247.983917 0.000000 0.942654 0.000000 -0.333772 0.857772 0.857772 0.857772
759.905518 0.000000 243.609589 0.000000 0.776021 0.000000 0.630707 0.685504 0.685504 0.685504
756.665649 0.000000 251.663803 0.000000 0.922908 0.000000 -0.385021 0.880516 0.880516 0.880516
757.719788 0.000000 243.924454 0.000000 0.812164 0.000000 -0.583429 0.965474 0.965474 0.965474
792.761108 0.000000 80.306915 0.000000 0.806349 0.000000 -0.591440 0.922602 0.922602 0.922602
783.173523 0.000000 86.059921 0.000000 0.045682 0.000000 -0.998956 1.467071 1.467071 1.467071
793.337463 0.000000 73.330025 0.000000 0.360334 0.000000 0.932823 0.588710 0.588710 0.588710
792.660217 0.000000 78.156166 0.000000 0.494032 0.000000 0.869444 0.614739 0.614739 0.614739
788.528748 0.000000 96.986740 0.000000 0.695066 0.000000 -0.718946 1.208600 1.208600 1.208600
788.390625 0.000000 111.025909 0.000000 0.732975 0.000000 0.680256 0.707362 0.707362 0.707362
786.455078 0.000000 110.468620 0.000000 0.738526 0.000000 0.674225 0.658133 0.658133 0.658133
790.572754 0.000000 98.413879 0.000000 0.893977 0.000000 0.448113 0.663581 0.663581 0.663581
789.968933 0.000000 96.027771 0.000000 0.997249 0.000000 -0.074118 0.837783 0.837783 0.837783
788.145630 0.000000 98.595528 0.000000 0.920363 0.000000 -0.391064 0.978147 0.978147 0.978147
819.920959 0.000000 101.967712 0.000000 0.843950 0.000000 0.536422 0.702750 0.702750 0.702750
847.263489 0.000000 110.078430 0.000000 0.618655 0.000000 -0.785663 0.841516 0.841516 0.841516
823.729370 0.000000 132.372009 0.000000 0.298081 0.000000 -0.954541 1.445846 1.445846 1.445846
822.119995 0.000000 134.263809 0.000000 0.989391 0.000000 0.145279 0.748460 0.748460 0.748460
793.658752 0.000000 178.333893 0.000000 0.997882 0.000000 0.065048 0.799090 0.799090 0.799090
796.961487 0.000000 175.911667 0.000000 0.992674 0.000000 -0.120822 0.814030 0.814030 0.814030
794.804626 0.000000 190.947495 0.000000 0.907031 0.000000 -0.421064 0.879859 0.879859 0.879859
804.643982 0.000000 165.041870 0.000000 0.658526 0.000000 -0.752558 0.828926 0.828926 0.828926
800.965820 0.000000 164.650131 0.000000 0.322208 0.000000 0.946669 0.700718 0.700718 0.700718
810.556519 0.000000 173.049728 0.000000 0.895720 0.000000 -0.444618 0.843250 0.843250 0.843250
828.636719 0.000000 183.763153 0.000000 0.935497 0.000000 0.353334 0.753118 0.753118 0.753118
820.510376 0.000000 177.133423 0.000000 0.294916 0.000000 -0.955523 1.046317 1.046317 1.046317
826.056946 0.000000 185.188263 0.000000 0.992808 0.000000 0.119717 0.776751 0.776751 0.776751
810.688660 0.000000 187.088150 0.000000 0.904473 0.000000 -0.426531 0.954016 0.954016 0.954016
818.447266 0.000000 174.437363 0.000000 0.955264 0.000000 0.295754 0.741233 0.741233 0.741233
816.808350 0.000000 174.500946 0.000000 0.443366 0.000000 0.896341 0.411531 0.411531 0.411531
837.688049 0.000000 144.516373 0.000000 0.561935 0.000000 -0.827181 0.998437 0.998437 0.998437
835.797852 0.000000 140.994156 0.000000 0.787213 0.000000 -0.616681 0.977845 0.977845 0.977845
873.674683 0.000000 152.100220 0.000000 0.887537 0.000000 0.460737 0.707236 0.707236 0.707236
878.175232 0.000000 167.574066 0.000000 0.637340 0.000000 -0.770583 0.857984 0.857984 0.857984
872.828674 0.000000 186.137360 0.000000 0.227124 0.000000 -0.973866 0.947380 0.947380 0.947380
885.092041 0.000000 183.833084 0.000000 0.033130 0.000000 0.999451 0.649517 0.649517 0.649517
867.203247 0.000000 167.370483 0.000000 0.819625 0.000000 0.572900 0.737862 0.737862 0.737862
884.634399 0.000000 187.695053 0.000000 0.254334 0.000000 0.967117 0.566495 0.566495 0.566495
792.689880 0.000000 198.644089 0.000000 0.333070 0.000000 0.942902 0.738523 0.738523 0.738523
798.633118 0.000000 192.309586 0.000000 0.888116 0.000000 0.459619 0.747540 0.747540 0.747540
778.564331 0.000000 205.034103 0.000000 0.207128 0.000000 -0.978314 0.930587 0.930587 0.930587
777.751160 0.000000 202.641891 0.000000 0.985632 0.000000 0.168905 0.780340 0.780340 0.780340
794.866394 0.000000 199.795471 0.000000 0.912916 0.000000 -0.408148 0.867175 0.867175 0.867175
795.762390 0.000000 194.183136 0.000000 0.515080 0.000000 -0.857142 1.026220 1.026220 1.026220
809.616150 0.000000 211.010590 0.000000 0.612056 0.000000 0.790814 0.732595 0.732595 0.732595
816.635925 0.000000 212.334991 0.000000 0.843258 0.000000 -0.537510 1.027812 1.027812 1.027812
818.517334 0.000000 194.775986 0.000000 0.825290 0.000000 0.564710 0.741273 0.741273 0.741273
811.545837 0.000000 194.555450 0.000000 0.576677 0.000000 0.816972 0.710247 0.710247 0.710247
817.948425 0.000000 200.177948 0.000000 0.182861 0.000000 0.983139 0.589482 0.589482 0.589482
817.351440 0.000000 204.706711 0.000000 0.584391 0.000000 -0.811472 0.936132 0.936132 0.936132
812.897583 0.000000 205.821579 0.000000 0.128092 0.000000 -0.991762 0.978605 0.978605 0.978605
825.737854 0.000000 212.753860 0.000000 0.636670 0.000000 0.771136 0.685677 0.685677 0.685677
819.920959 0.000000 197.920837 0.000000 0.063648 0.000000 -0.997972 1.085955 1.085955 1.085955
806.107178 0.000000 206.718628 0.000000 0.620711 0.000000 -0.784039 1.078970 1.078970 1.078970
815.165710 0.000000 213.997421 0.000000 0.995138 0.000000 0.098494 0.754879 0.754879 0.754879
817.808899 0.000000 210.471420 0.000000 0.534528 0.000000 -0.845151 1.103648 1.103648 1.103648
809.577759 0.000000 208.964874 0.000000 0.994897 0.000000 0.100891 0.764677 0.764677 0.764677
823.889893 0.000000 211.625214 0.000000 0.277456 0.000000 0.960738 0.588789 0.588789 0.588789
809.278076 0.000000 206.823074 0.000000 0.790084 0.000000 -0.612999 1.038536 1.038536 1.038536
818.447266 0.000000 206.421738 0.000000 0.668636 0.000000 0.743590 0.637571 0.637571 0.637571
811.307678 0.000000 212.170364 0.000000 0.767535 0.000000 -0.641007 0.998727 0.998727 0.998727
828.853333 0.000000 200.800568 0.000000 0.538138 0.000000 -0.842857 0.984218 0.984218 0.984218
808.570496 0.000000 191.907333 0.000000 0.465613 0.000000 0.884989 0.528758 0.528758 0.528758
807.826782 0.000000 195.681717 0.000000 0.570070 0.000000 -0.821596 0.986798 0.986798 0.986798
814.850342 0.000000 211.687103 0.000000 0.930428 0.000000 -0.366475 0.898921 0.898921 0.898921
801.447388 0.000000 194.839615 0.000000 0.881750 0.000000 0.471718 0.704831 0.704831 0.704831
802.550964 0.000000 201.063965 0.000000 0.038742 0.000000 -0.999249 1.298757 1.298757 1.298757
813.469116 0.000000 197.849670 0.000000 0.748764 0.000000 -0.662836 0.986689 0.986689 0.986689
809.987244 0.000000 193.719391 0.000000 0.542765 0.000000 0.839885 0.578956 0.578956 0.578956
817.294312 0.000000 193.756973 0.000000 0.692709 0.000000 -0.721217 1.187743 1.187743 1.187743
783.467590 0.000000 251.850601 0.000000 0.755321 0.000000 0.655355 0.780017 0.780017 0.780017
772.993042 0.000000 254.732117 0.000000 0.982925 0.000000 0.184007 0.781150 0.781150 0.781150
775.999939 0.000000 254.951889 0.000000 0.933761 0.000000 -0.357897 0.837282 0.837282 0.837282
770.603394 0.000000 255.849854 0.000000 0.931053 0.000000 -0.364885 0.838045 0.838045 0.838045
790.521301 0.000000 236.821548 0.000000 0.811692 0.000000 0.584085 0.680405 0.680405 0.680405
798.700012 0.000000 232.122269 0.000000 0.954382 0.000000 0.298588 0.755186 0.755186 0.755186
812.655212 0.000000 251.779648 0.000000 0.581597 0.000000 0.813477 0.693735 0.693735 0.693735
811.545837 0.000000 226.539825 0.000000 0.095638 0.000000 -0.995416 0.938460 0.938460 0.938460
821.406982 0.000000 234.776672 0.000000 0.990979 0.000000 0.134019 0.785234 0.785234 0.785234
806.605042 0.000000 234.278671 0.000000 0.968347 0.000000 -0.249608 0.841316 0.841316 0.841316
822.513489 0.000000 236.821548 0.000000 0.774927 0.000000 -0.632051 0.932551 0.932551 0.932551
805.833435 0.000000 246.711639 0.000000 0.993927 0.000000 0.110042 0.781061 0.781061 0.781061
827.150269 0.000000 229.521652 0.000000 0.999953 0.000000 0.009661 0.798553 0.798553 0.798553
811.044922 0.000000 255.236801 0.000000 0.886974 0.000000 0.461819 0.711794 0.711794 0.711794
857.321838 0.000000 201.267517 0.000000 0.910201 0.000000 0.414166 0.719830 0.719830 0.719830
841.171936 0.000000 213.079880 0.000000 0.332730 0.000000 -0.943022 1.038600 1.038600 1.038600
877.272034 0.000000 212.803360 0.000000 0.999925 0.000000 0.012234 0.799707 0.799707 0.799707
871.579834 0.000000 208.375870 0.000000 0.610347 0.000000 0.792134 0.734261 0.734261 0.734261
884.505310 0.000000 192.939865 0.000000 0.573223 0.000000 -0.819399 0.897822 0.897822 0.897822
867.872192 0.000000 208.992996 0.000000 0.256429 0.000000 0.966563 0.627125 0.627125 0.627125
865.875671 0.000000 192.531143 0.000000 0.934138 0.000000 0.356911 0.729296 0.729296 0.729296
849.557495 0.000000 229.460251 0.000000 0.992226 0.000000 0.124449 0.791527 0.791527 0.791527
839.984314 0.000000 254.951889 0.000000 0.612357 0.000000 -0.790582 0.887408 0.887408 0.887408
851.913147 0.000000 229.905212 0.000000 0.954285 0.000000 -0.298899 0.858199 0.858199 0.858199
859.683105 0.000000 241.531281 0.000000 0.964318 0.000000 -0.264745 0.844952 0.844952 0.844952
863.840637 0.000000 254.419022 0.000000 0.039286 0.000000 0.999228 0.686825 0.686825 0.686825
866.415588 0.000000 242.901428 0.000000 0.447277 0.000000 -0.894395 0.895077 0.895077 0.895077
868.969604 0.000000 254.732117 0.000000 0.999487 0.000000 0.032030 0.796993 0.796993 0.796993
894.793091 0.000000 229.023727 0.000000 0.918041 0.000000 0.396485 0.738932 0.738932 0.738932
891.675293 0.000000 241.531281 0.000000 0.462825 0.000000 0.886450 0.443099 0.443099 0.443099
894.941040 0.000000 243.957733 0.000000 0.964082 0.000000 0.265606 0.747919 0.747919 0.747919
888.047852 0.000000 241.805649 0.000000 0.999923 0.000000 -0.012388 0.803538 0.803538 0.803538
890.244934 0.000000 240.792236 0.000000 0.987283 0.000000 -0.158974 0.852293 0.852293 0.852293
903.968689 0.000000 222.967514 0.000000 0.996346 0.000000 0.085404 0.792315 0.792315 0.792315
898.461914 0.000000 204.065445 0.000000 0.196222 0.000000 -0.980559 0.994738 0.994738 0.994738
897.162842 0.000000 206.672821 0.000000 0.792516 0.000000 -0.609851 0.885146 0.885146 0.885146
909.565613 0.000000 208.026627 0.000000 0.053005 0.000000 -0.998594 1.057664 1.057664 1.057664
906.889038 0.000000 210.035202 0.000000 0.276071 0.000000 -0.961137 1.158428 1.158428 1.158428
910.033325 0.000000 255.367767 0.000000 0.124177 0.000000 0.992260 0.713342 0.713342 0.713342
898.237122 0.000000 250.594330 0.000000 0.982900 0.000000 -0.184142 0.819974 0.819974 0.819974
908.379578 0.000000 253.923752 0.000000 0.112409 0.000000 0.993662 0.517510 0.517510 0.517510
904.547058 0.000000 223.891708 0.000000 0.118934 0.000000 -0.992902 1.081218 1.081218 1.081218
689.583130 0.000000 256.154388 0.000000 0.998542 0.000000 0.053986 0.798598 0.798598 0.798598
695.609131 0.000000 256.587128 0.000000 0.180358 0.000000 0.983601 0.697323 0.697323 0.697323
692.552185 0.000000 256.908630 0.000000 0.394227 0.000000 0.919013 0.685932 0.685932 0.685932
722.427734 0.000000 278.827820 0.000000 0.919240 0.000000 0.393698 0.795151 0.795151 0.795151
711.930176 0.000000 269.164551 0.000000 0.998230 0.000000 -0.059473 0.802734 0.802734 0.802734
723.748657 0.000000 275.589142 0.000000 0.960638 0.000000 -0.277802 0.824738 0.824738 0.824738
720.659363 0.000000 276.303741 0.000000 0.106815 0.000000 -0.994279 0.949099 0.949099 0.949099
726.299927 0.000000 284.978729 0.000000 0.898785 0.000000 -0.438390 0.837161 0.837161 0.837161
713.766785 0.000000 266.610657 0.000000 0.090140 0.000000 0.995929 0.649194 0.649194 0.649194
719.189148 0.000000 277.966187 0.000000 0.540113 0.000000 -0.841592 0.957817 0.957817 0.957817
741.512634 0.000000 256.266571 0.000000 0.596289 0.000000 0.802770 0.788832 0.788832 0.788832
744.117798 0.000000 257.750214 0.000000 0.980729 0.000000 -0.195374 0.816495 0.816495 0.816495
738.446838 0.000000 274.885803 0.000000 0.776430 0.000000 -0.630203 0.862640 0.862640 0.862640
734.648743 0.000000 288.262695 0.000000 0.875533 0.000000 -0.483158 0.851363 0.851363 0.851363
732.977112 0.000000 303.849182 0.000000 0.992013 0.000000 0.126136 0.787118 0.787118 0.787118
753.567505 0.000000 288.138763 0.000000 0.759881 0.000000 -0.650062 0.822614 0.822614 0.822614
743.611084 0.000000 304.329010 0.000000 0.282791 0.000000 -0.959181 0.907715 0.907715 0.907715
742.122803 0.000000 302.671753 0.000000 0.023343 0.000000 0.999727 0.558931 0.558931 0.558931
745.293701 0.000000 302.776184 0.000000 0.144687 0.000000 0.989478 0.563677 0.563677 0.563677
704.185608 0.000000 368.906036 0.000000 0.729614 0.000000 0.683859 0.768416 0.768416 0.768416
731.634521 0.000000 365.403168 0.000000 0.952803 0.000000 -0.303590 0.864687 0.864687 0.864687
635.676147 0.000000 412.680634 0.000000 0.858517 0.000000 -0.512786 0.848391 0.848391 0.848391
584.898987 0.000000 505.981110 0.000000 0.813496 0.000000 0.581570 0.742978 0.742978 0.742978
582.850525 0.000000 504.589020 0.000000 0.852304 0.000000 0.523048 0.731842 0.731842 0.731842
767.928345 0.000000 268.310181 0.000000 0.717879 0.000000 0.696168 0.767703 0.767703 0.767703
779.646362 0.000000 281.076355 0.000000 0.876048 0.000000 0.482223 0.775880 0.775880 0.775880
777.623962 0.000000 274.979340 0.000000 0.996999 0.000000 0.077419 0.794118 0.794118 0.794118
767.864075 0.000000 286.403412 0.000000 0.083123 0.000000 0.996539 0.687100 0.687100 0.687100
778.843506 0.000000 278.180481 0.000000 0.022181 0.000000 0.999754 0.636074 0.636074 0.636074
785.359253 0.000000 268.675446 0.000000 0.625191 0.000000 -0.780471 0.905514 0.905514 0.905514
785.026611 0.000000 281.865845 0.000000 0.908729 0.000000 -0.417388 0.871376 0.871376 0.871376
777.585571 0.000000 272.933624 0.000000 0.942430 0.000000 0.334404 0.733943 0.733943 0.733943
808.102173 0.000000 257.750214 0.000000 0.911820 0.000000 0.410590 0.763664 0.763664 0.763664
810.556519 0.000000 269.002869 0.000000 0.603873 0.000000 -0.797081 0.890275 0.890275 0.890275
806.605042 0.000000 266.263031 0.000000 0.048864 0.000000 0.998805 0.587226 0.587226 0.587226
807.826782 0.000000 259.650482 0.000000 0.052121 0.000000 -0.998641 1.136675 1.136675 1.136675
831.394409 0.000000 259.325989 0.000000 0.996791 0.000000 0.080052 0.772791 0.772791 0.772791
797.015076 0.000000 294.621033 0.000000 0.759797 0.000000 -0.650160 0.816964 0.816964 0.816964
792.761108 0.000000 304.197540 0.000000 0.966803 0.000000 0.255525 0.759747 0.759747 0.759747
841.617065 0.000000 260.384186 0.000000 0.622057 0.000000 -0.782972 0.843113 0.843113 0.843113
858.554260 0.000000 270.981873 0.000000 0.890089 0.000000 0.455788 0.765973 0.765973 0.765973
837.727234 0.000000 263.586090 0.000000 0.761678 0.000000 0.647956 0.712713 0.712713 0.712713
840.985107 0.000000 262.526062 0.000000 0.111931 0.000000 0.993716 0.517416 0.517416 0.517416
833.883484 0.000000 256.499908 0.000000 0.232281 0.000000 -0.972649 1.248402 1.248402 1.248402
854.557129 0.000000 258.335754 0.000000 0.198263 0.000000 -0.980149 1.057432 1.057432 1.057432
833.439575 0.000000 258.808380 0.000000 0.908159 0.000000 -0.418625 0.928538 0.928538 0.928538
859.603271 0.000000 269.450043 0.000000 0.997360 0.000000 -0.072619 0.814081 0.814081 0.814081
834.543152 0.000000 265.032715 0.000000 0.347660 0.000000 0.937621 0.559619 0.559619 0.559619
831.811768 0.000000 259.214508 0.000000 0.982174 0.000000 -0.187974 0.864205 0.864205 0.864205
876.881958 0.000000 269.790344 0.000000 0.797009 0.000000 0.603967 0.719701 0.719701 0.719701
879.150085 0.000000 277.966187 0.000000 0.074962 0.000000 -0.997186 1.089778 1.089778 1.089778
879.150085 0.000000 309.950562 0.000000 0.582595 0.000000 -0.812762 0.936450 0.936450 0.936450
910.167419 0.000000 263.527191 0.000000 0.355100 0.000000 0.934828 0.713160 0.713160 0.713160
903.152222 0.000000 261.454712 0.000000 0.975671 0.000000 0.219241 0.778368 0.778368 0.778368
911.319580 0.000000 261.578339 0.000000 0.916753 0.000000 0.399454 0.720391 0.720391 0.720391
134.021851 0.000000 610.503967 0.000000 0.225856 0.000000 0.974161 0.612243 0.612243 0.612243
153.493698 0.000000 617.064392 0.000000 0.916932 0.000000 -0.399043 0.892639 0.892639 0.892639
157.017426 0.000000 616.597473 0.000000 0.860687 0.000000 -0.509135 0.899220 0.899220 0.899220
191.041428 0.000000 633.239746 0.000000 0.562771 0.000000 0.826613 0.700885 0.700885 0.700885
192.004715 0.000000 638.231506 0.000000 0.995208 0.000000 0.097780 0.792567 0.792567 0.792567
223.033615 0.000000 633.239746 0.000000 0.866483 0.000000 -0.499206 0.846976 0.846976 0.846976
194.082062 0.000000 631.377502 0.000000 0.278174 0.000000 0.960531 0.619803 0.619803 0.619803
254.577240 0.000000 625.773926 0.000000 0.131064 0.000000 0.991374 0.725257 0.725257 0.725257
229.125854 0.000000 638.544617 0.000000 0.778700 0.000000 -0.627397 0.875854 0.875854 0.875854
226.736237 0.000000 639.662354 0.000000 0.782645 0.000000 0.622468 0.711433 0.711433 0.711433
51.234455 0.000000 650.020569 0.000000 0.392061 0.000000 0.919939 0.580733 0.580733 0.580733
65.145477 0.000000 708.384521 0.000000 0.998666 0.000000 0.051634 0.795564 0.795564 0.795564
66.665024 0.000000 715.815430 0.000000 0.940498 0.000000 -0.339799 0.836007 0.836007 0.836007
67.398582 0.000000 711.104858 0.000000 0.811568 0.000000 -0.584258 0.868541 0.868541 0.868541
66.980370 0.000000 709.239563 0.000000 0.474941 0.000000 0.880018 0.503462 0.503462 0.503462
75.348656 0.000000 742.797363 0.000000 0.824986 0.000000 0.565154 0.748418 0.748418 0.748418
75.725517 0.000000 738.289856 0.000000 0.805024 0.000000 0.593243 0.736580 0.736580 0.736580
77.648796 0.000000 741.584045 0.000000 0.616560 0.000000 0.787308 0.604481 0.604481 0.604481
74.166924 0.000000 737.453796 0.000000 0.461787 0.000000 0.886991 0.481930 0.481930 0.481930
194.039749 0.000000 640.312378 0.000000 0.914062 0.000000 0.405573 0.730773 0.730773 0.730773
257.319092 0.000000 622.469727 0.000000 0.311399 0.000000 0.950279 0.642198 0.642198 0.642198
258.146088 0.000000 624.206848 0.000000 0.932354 0.000000 -0.361546 0.878316 0.878316 0.878316
261.828705 0.000000 624.281982 0.000000 0.999781 0.000000 0.020941 0.795357 0.795357 0.795357
295.720490 0.000000 624.172729 0.000000 0.652402 0.000000 -0.757873 1.191640 1.191640 1.191640
301.714020 0.000000 623.823486 0.000000 0.928440 0.000000 0.371483 0.751350 0.751350 0.751350
297.702728 0.000000 624.761719 0.000000 0.942526 0.000000 -0.334134 0.874167 0.874167 0.874167
290.138275 0.000000 624.206848 0.000000 0.176126 0.000000 0.984368 0.390804 0.390804 0.390804
293.820892 0.000000 624.281982 0.000000 0.128132 0.000000 -0.991757 1.232096 1.232096 1.232096
319.720978 0.000000 663.106628 0.000000 0.727821 0.000000 0.685767 0.641531 0.641531 0.641531
348.266296 0.000000 659.480225 0.000000 0.533635 0.000000 -0.845715 0.908703 0.908703 0.908703
341.224884 0.000000 663.598694 0.000000 0.716464 0.000000 -0.697625 0.869391 0.869391 0.869391
322.050812 0.000000 663.361877 0.000000 0.967165 0.000000 0.254151 0.769719 0.769719 0.769719
347.808105 0.000000 657.328125 0.000000 0.085327 0.000000 -0.996353 1.087763 1.087763 1.087763
320.026215 0.000000 662.899109 0.000000 0.474258 0.000000 -0.880386 0.999985 0.999985 0.999985
380.231537 0.000000 665.857971 0.000000 0.842951 0.000000 -0.537990 0.802269 0.802269 0.802269
322.602539 0.000000 683.831055 0.000000 0.541977 0.000000 -0.840393 0.927569 0.927569 0.927569
343.206635 0.000000 680.333862 0.000000 0.537360 0.000000 0.843353 0.659705 0.659705 0.659705
416.014313 0.000000 652.122681 0.000000 0.718291 0.000000 0.695742 0.770801 0.770801 0.770801
421.828827 0.000000 647.398560 0.000000 0.988114 0.000000 0.153723 0.786437 0.786437 0.786437
432.439209 0.000000 655.812439 0.000000 0.919802 0.000000 0.392382 0.730742 0.730742 0.730742
436.604126 0.000000 656.899048 0.000000 0.040061 0.000000 -0.999197 1.139352 1.139352 1.139352
439.983612 0.000000 659.406433 0.000000 0.210271 0.000000 0.977643 0.574727 0.574727 0.574727
437.797913 0.000000 659.721313 0.000000 0.420616 0.000000 -0.907239 1.047452 1.047452 1.047452
70.286858 0.000000 782.437378 0.000000 0.687171 0.000000 -0.726496 0.931558 0.931558 0.931558
62.704002 0.000000 842.001831 0.000000 0.445427 0.000000 -0.895318 0.895255 0.895255 0.895255
56.940804 0.000000 847.931885 0.000000 0.289935 0.000000 -0.957046 1.223258 1.223258 1.223258
56.077362 0.000000 851.312683 0.000000 0.128873 0.000000 0.991661 0.486173 0.486173 0.486173
56.839905 0.000000 845.781189 0.000000 0.990409 0.000000 -0.138164 0.829621 0.829621 0.829621
54.173019 0.000000 848.125122 0.000000 0.999290 0.000000 0.037679 0.790892 0.790892 0.790892
64.100250 0.000000 844.028931 0.000000 0.711893 0.000000 -0.702288 0.826436 0.826436 0.826436
40.526413 0.000000 904.267883 0.000000 0.002972 0.000000 0.999996 0.771818 0.771818 0.771818
48.322990 0.000000 903.261108 0.000000 0.989687 0.000000 -0.143247 0.827273 0.827273 0.827273
40.014263 0.000000 899.337952 0.000000 0.326210 0.000000 0.945297 0.560062 0.560062 0.560062
45.656609 0.000000 901.505920 0.000000 0.196050 0.000000 -0.980594 1.104489 1.104489 1.104489
69.164917 0.000000 926.403992 0.000000 0.132370 0.000000 0.991200 0.685116 0.685116 0.685116
75.725517 0.000000 930.196106 0.000000 0.588308 0.000000 0.808637 0.705947 0.705947 0.705947
500.599030 0.000000 960.564880 0.000000 0.903069 0.000000 0.429496 0.762761 0.762761 0.762761
498.595490 0.000000 962.401001 0.000000 0.972871 0.000000 -0.231350 0.822382 0.822382 0.822382
584.046814 0.000000 638.764404 0.000000 0.486721 0.000000 0.873557 0.676924 0.676924 0.676924
570.307007 0.000000 643.336670 0.000000 0.290193 0.000000 -0.956968 0.891772 0.891772 0.891772
565.469482 0.000000 650.573547 0.000000 0.000114 0.000000 1.000000 0.592956 0.592956 0.592956
575.456909 0.000000 643.138489 0.000000 0.428379 0.000000 0.903599 0.545402 0.545402 0.545402
584.156860 0.000000 641.562744 0.000000 0.025933 0.000000 -0.999664 0.951187 0.951187 0.951187
577.502075 0.000000 642.620850 0.000000 0.285028 0.000000 0.958519 0.526082 0.526082 0.526082
575.874268 0.000000 643.027039 0.000000 0.900257 0.000000 0.435360 0.698342 0.698342 0.698342
553.687378 0.000000 740.149780 0.000000 0.989585 0.000000 0.143949 0.793941 0.793941 0.793941
787.054749 0.000000 618.036194 0.000000 0.641409 0.000000 -0.767199 0.946707 0.946707 0.946707
914.454407 0.000000 624.263489 0.000000 0.996797 0.000000 -0.079973 0.802079 0.802079 0.802079
532.720337 0.000000 891.351318 0.000000 0.938407 0.000000 0.345533 0.736583 0.736583 0.736583
633.376526 0.000000 872.939392 0.000000 0.998425 0.000000 -0.056094 0.808967 0.808967 0.808967
636.900208 0.000000 872.472473 0.000000 0.279681 0.000000 0.960093 0.517178 0.517178 0.517178
639.177917 0.000000 875.731995 0.000000 0.972751 0.000000 -0.231854 0.846732 0.846732 0.846732
641.225342 0.000000 878.344727 0.000000 0.807416 0.000000 0.589982 0.726901 0.726901 0.726901
574.578979 0.000000 905.970581 0.000000 0.607352 0.000000 0.794432 0.713820 0.713820 0.713820
577.032227 0.000000 905.848022 0.000000 0.696456 0.000000 -0.717599 0.913493 0.913493 0.913493
640.494263 0.000000 923.828491 0.000000 0.956875 0.000000 -0.290499 0.850038 0.850038 0.850038
1053.579346 0.000000 131.125824 0.000000 0.832120 0.000000 0.554596 0.753035 0.753035 0.753035
1049.973511 0.000000 140.484650 0.000000 0.664374 0.000000 -0.747400 0.884297 0.884297 0.884297
1054.754028 0.000000 133.070602 0.000000 0.920550 0.000000 -0.390624 0.868930 0.868930 0.868930
1385.475464 0.000000 242.994965 0.000000 0.777258 0.000000 -0.629182 0.848928 0.848928 0.848928
1385.437134 0.000000 240.949249 0.000000 0.912510 0.000000 0.409055 0.730141 0.730141 0.730141
1172.564087 0.000000 379.601288 0.000000 0.177136 0.000000 0.984186 0.546875 0.546875 0.546875
1211.394287 0.000000 426.058289 0.000000 0.655707 0.000000 -0.755015 0.866651 0.866651 0.866651
1258.579224 0.000000 410.978790 0.000000 0.410431 0.000000 -0.911892 1.040720 1.040720 1.040720
1221.288574 0.000000 428.328339 0.000000 0.701947 0.000000 -0.712229 0.891823 0.891823 0.891823
1342.391479 0.000000 362.236206 0.000000 0.876520 0.000000 -0.481366 0.843131 0.843131 0.843131
1294.073730 0.000000 455.433441 0.000000 0.524832 0.000000 -0.851206 0.856945 0.856945 0.856945
1428.334595 0.000000 469.537292 0.000000 0.970010 0.000000 -0.243065 0.849037 0.849037 0.849037
1428.501587 0.000000 475.554413 0.000000 0.599009 0.000000 0.800742 0.623822 0.623822 0.623822
1453.980591 0.000000 505.963837 0.000000 0.632703 0.000000 -0.774394 0.971600 0.971600 0.971600
1454.003540 0.000000 509.104919 0.000000 0.063622 0.000000 0.997974 0.468889 0.468889 0.468889
1026.205933 0.000000 698.375610 0.000000 0.572843 0.000000 -0.819665 0.920897 0.920897 0.920897
1168.550049 0.000000 692.100647 0.000000 0.744411 0.000000 -0.667721 0.871553 0.871553 0.871553
1208.659546 0.000000 688.010010 0.000000 0.477442 0.000000 -0.878663 1.005742 1.005742 1.005742
1166.104980 0.000000 711.308472 0.000000 0.723660 0.000000 -0.690157 0.844118 0.844118 0.844118
1163.083008 0.000000 710.812988 0.000000 0.391376 0.000000 0.920231 0.720640 0.720640 0.720640
1451.012695 0.000000 550.891113 0.000000 0.527818 0.000000 0.849357 0.710824 0.710824 0.710824
1452.377808 0.000000 544.563660 0.000000 0.862170 0.000000 -0.506619 0.922021 0.922021 0.922021
1310.319458 0.000000 721.727051 0.000000 0.813266 0.000000 0.581892 0.755346 0.755346 0.755346
1311.478760 0.000000 727.075378 0.000000 0.485409 0.000000 0.874287 0.621501 0.621501 0.621501
1310.839478 0.000000 723.723389 0.000000 0.470370 0.000000 -0.882469 1.005123 1.005123 1.005123
1315.807983 0.000000 725.396667 0.000000 0.518838 0.000000 -0.854873 0.892150 0.892150 0.892150
1329.823364 0.000000 711.927979 0.000000 0.250973 0.000000 0.967994 0.613228 0.613228 0.613228
3051.091797 0.000000 568.935730 0.000000 0.907707 0.000000 0.419604 0.781839 0.781839 0.781839
3044.438477 0.000000 574.575867 0.000000 0.997924 0.000000 -0.064402 0.805149 0.805149 0.805149
3056.382812 0.000000 574.301514 0.000000 0.579216 0.000000 0.815174 0.702925 0.702925 0.702925
3052.108398 0.000000 571.623413 0.000000 0.032089 0.000000 0.999485 0.624830 0.624830 0.624830
3048.023682 0.000000 575.719849 0.000000 0.776647 0.000000 0.629936 0.653005 0.653005 0.653005
3192.834229 0.000000 545.458801 0.000000 0.248876 0.000000 -0.968535 1.023967 1.023967 1.023967
3195.176514 0.000000 546.011230 0.000000 0.666148 0.000000 0.745819 0.620111 0.620111 0.620111
3195.477539 0.000000 547.830444 0.000000 0.266123 0.000000 -0.963939 1.078121 1.078121 1.078121
3211.861572 0.000000 552.707153 0.000000 0.219897 0.000000 0.975523 0.562888 0.562888 0.562888
3307.793701 0.000000 605.751892 0.000000 0.450921 0.000000 0.892564 0.599531 0.599531 0.599531
3303.882568 0.000000 604.369812 0.000000 0.245527 0.000000 -0.969390 1.230616 1.230616 1.230616
3301.448975 0.000000 602.156860 0.000000 0.155681 0.000000 -0.987807 1.220933 1.220933 1.220933
3302.007324 0.000000 605.719482 0.000000 0.977950 0.000000 0.208840 0.731508 0.731508 0.731508
3339.695312 0.000000 586.880981 0.000000 0.998812 0.000000 0.048723 0.798248 0.798248 0.798248
3364.360352 0.000000 606.560242 0.000000 0.367032 0.000000 0.930208 0.666347 0.666347 0.666347
3367.866943 0.000000 604.369812 0.000000 0.314367 0.000000 -0.949301 1.122314 1.122314 1.122314
3365.991699 0.000000 605.719482 0.000000 0.898510 0.000000 0.438953 0.663858 0.663858 0.663858
3367.945557 0.000000 607.704224 0.000000 0.996762 0.000000 0.080413 0.783440 0.783440 0.783440
3152.359375 0.000000 926.129639 0.000000 0.742010 0.000000 0.670389 0.723693 0.723693 0.723693
3149.417969 0.000000 931.376709 0.000000 0.972085 0.000000 0.234630 0.798108 0.798108 0.798108
3159.159180 0.000000 931.981384 0.000000 0.718598 0.000000 0.695426 0.707846 0.707846 0.707846
3111.929443 0.000000 1020.166687 0.000000 0.330679 0.000000 0.943743 0.516624 0.516624 0.516624
3110.054199 0.000000 1021.516357 0.000000 0.656929 0.000000 0.753952 0.603838 0.603838 0.603838
"}
