object={
	name="tree_yellow_high_generator_3_0"
	render_pass=Map
	clamp_to_water_level=no
	generated_content=yes
	layer="tree_high_layer"
	pdxmesh="tree_yellow_01_c_mesh"
	count=442
	transform="126.249100 0.000000 478.134247 0.000000 0.326470 0.000000 0.945208 0.759195 0.759195 0.759195
128.157547 0.000000 481.410095 0.000000 0.794041 0.000000 -0.607864 0.828969 0.828969 0.828969
637.054138 0.000000 230.652267 0.000000 0.997432 0.000000 0.071615 0.797810 0.797810 0.797810
660.003418 0.000000 158.898392 0.000000 0.584376 0.000000 0.811483 0.788655 0.788655 0.788655
682.317627 0.000000 157.453430 0.000000 0.132410 0.000000 0.991195 0.785353 0.785353 0.785353
702.061768 0.000000 149.836411 0.000000 0.207656 0.000000 -0.978202 0.841608 0.841608 0.841608
678.549133 0.000000 156.154541 0.000000 0.752838 0.000000 -0.658206 0.826258 0.826258 0.826258
668.161255 0.000000 186.092346 0.000000 0.606100 0.000000 0.795389 0.777408 0.777408 0.777408
654.027222 0.000000 163.751724 0.000000 0.345545 0.000000 -0.938402 0.829191 0.829191 0.829191
642.624634 0.000000 189.192719 0.000000 0.773233 0.000000 0.634122 0.779011 0.779011 0.779011
656.737854 0.000000 170.374146 0.000000 0.595415 0.000000 -0.803418 0.817889 0.817889 0.817889
669.475647 0.000000 173.214142 0.000000 0.498053 0.000000 -0.867147 0.819493 0.819493 0.819493
657.590942 0.000000 160.201279 0.000000 0.987906 0.000000 0.155053 0.796549 0.796549 0.796549
672.587463 0.000000 167.846832 0.000000 0.009476 0.000000 0.999955 0.752290 0.752290 0.752290
683.321167 0.000000 175.633118 0.000000 0.905659 0.000000 0.424006 0.793703 0.793703 0.793703
699.360046 0.000000 160.298065 0.000000 0.936343 0.000000 0.351087 0.787104 0.787104 0.787104
691.995605 0.000000 190.882767 0.000000 0.027970 0.000000 -0.999609 0.830506 0.830506 0.830506
701.467834 0.000000 173.214142 0.000000 0.999907 0.000000 -0.013658 0.800393 0.800393 0.800393
697.014832 0.000000 190.110779 0.000000 0.993353 0.000000 0.115109 0.797028 0.797028 0.797028
671.951782 0.000000 172.357071 0.000000 0.407982 0.000000 -0.912990 0.835158 0.835158 0.835158
698.275757 0.000000 163.571030 0.000000 0.156325 0.000000 -0.987706 0.874547 0.874547 0.874547
704.816467 0.000000 149.437439 0.000000 0.732187 0.000000 -0.681103 0.813917 0.813917 0.813917
714.309814 0.000000 189.437805 0.000000 0.974650 0.000000 0.223733 0.793105 0.793105 0.793105
727.965332 0.000000 170.889725 0.000000 0.986586 0.000000 -0.163242 0.801768 0.801768 0.801768
706.609009 0.000000 189.192719 0.000000 0.292205 0.000000 -0.956356 0.818324 0.818324 0.818324
723.987793 0.000000 190.882767 0.000000 0.349080 0.000000 0.937093 0.776719 0.776719 0.776719
712.362366 0.000000 168.627258 0.000000 0.341919 0.000000 0.939730 0.780234 0.780234 0.780234
720.722229 0.000000 170.374146 0.000000 0.999998 0.000000 0.002184 0.799933 0.799933 0.799933
710.541321 0.000000 188.138916 0.000000 0.999016 0.000000 0.044341 0.797422 0.797422 0.797422
738.601196 0.000000 189.192719 0.000000 0.813310 0.000000 -0.581831 0.818976 0.818976 0.818976
640.595276 0.000000 199.831207 0.000000 0.995742 0.000000 -0.092188 0.801383 0.801383 0.801383
640.201233 0.000000 208.984146 0.000000 0.911150 0.000000 -0.412074 0.811197 0.811197 0.811197
651.677612 0.000000 217.107605 0.000000 0.318945 0.000000 0.947773 0.763413 0.763413 0.763413
699.360046 0.000000 192.282440 0.000000 0.999183 0.000000 0.040411 0.799152 0.799152 0.799152
701.467834 0.000000 205.198517 0.000000 0.981836 0.000000 0.189733 0.789134 0.789134 0.789134
676.675232 0.000000 197.026245 0.000000 0.808454 0.000000 0.588559 0.780771 0.780771 0.780771
702.547729 0.000000 202.314346 0.000000 0.551728 0.000000 0.834024 0.743855 0.743855 0.743855
677.016479 0.000000 222.747742 0.000000 0.892875 0.000000 -0.450305 0.826868 0.826868 0.826868
680.023376 0.000000 222.967514 0.000000 0.003358 0.000000 -0.999994 0.905186 0.905186 0.905186
654.027222 0.000000 227.720474 0.000000 0.841143 0.000000 0.540812 0.788360 0.788360 0.788360
667.367859 0.000000 224.266815 0.000000 0.691260 0.000000 -0.722606 0.820806 0.820806 0.820806
645.536072 0.000000 224.282196 0.000000 0.321901 0.000000 0.946773 0.762015 0.762015 0.762015
648.377991 0.000000 232.596008 0.000000 0.999850 0.000000 -0.017296 0.800425 0.800425 0.800425
669.475647 0.000000 237.182892 0.000000 0.144743 0.000000 0.989469 0.773522 0.773522 0.773522
662.786743 0.000000 245.535141 0.000000 0.671140 0.000000 -0.741331 0.838526 0.838526 0.838526
657.604370 0.000000 229.460251 0.000000 0.578268 0.000000 -0.815847 0.848597 0.848597 0.848597
654.229919 0.000000 231.542816 0.000000 0.608963 0.000000 -0.793198 0.836774 0.836774 0.836774
672.824280 0.000000 245.390564 0.000000 0.579378 0.000000 -0.815059 0.826262 0.826262 0.826262
677.528259 0.000000 224.282196 0.000000 0.237202 0.000000 0.971460 0.701087 0.701087 0.701087
674.616821 0.000000 253.161469 0.000000 0.798314 0.000000 0.602242 0.784897 0.784897 0.784897
691.995605 0.000000 254.851517 0.000000 0.999872 0.000000 0.016021 0.799510 0.799510 0.799510
680.055481 0.000000 246.563705 0.000000 0.323282 0.000000 0.946303 0.783634 0.783634 0.783634
671.951782 0.000000 236.325821 0.000000 0.965537 0.000000 0.260266 0.791954 0.791954 0.791954
681.656128 0.000000 228.399796 0.000000 0.282077 0.000000 0.959392 0.764587 0.764587 0.764587
680.133423 0.000000 225.765839 0.000000 0.015201 0.000000 -0.999884 0.876430 0.876430 0.876430
704.579651 0.000000 199.831207 0.000000 0.989090 0.000000 0.147311 0.798405 0.798405 0.798405
715.313354 0.000000 207.617493 0.000000 0.933051 0.000000 0.359744 0.795811 0.795811 0.795811
718.011597 0.000000 195.736099 0.000000 0.850034 0.000000 0.526728 0.785707 0.785707 0.785707
709.520447 0.000000 192.297821 0.000000 0.990493 0.000000 0.137564 0.798098 0.798098 0.798098
712.362366 0.000000 200.611633 0.000000 0.902968 0.000000 0.429708 0.788556 0.788556 0.788556
725.319336 0.000000 195.877045 0.000000 0.995079 0.000000 -0.099083 0.802914 0.802914 0.802914
711.930176 0.000000 205.195801 0.000000 0.150590 0.000000 -0.988596 0.892716 0.892716 0.892716
708.230591 0.000000 202.066635 0.000000 0.638667 0.000000 0.769484 0.735817 0.735817 0.735817
750.003784 0.000000 195.736099 0.000000 0.716740 0.000000 0.697340 0.783817 0.783817 0.783817
752.714417 0.000000 202.358521 0.000000 0.100032 0.000000 0.994984 0.764754 0.764754 0.764754
741.506165 0.000000 210.805008 0.000000 0.714026 0.000000 -0.700119 0.823699 0.823699 0.823699
729.674377 0.000000 242.302643 0.000000 0.693553 0.000000 -0.720406 0.826508 0.826508 0.826508
726.771118 0.000000 245.535141 0.000000 0.871127 0.000000 0.491058 0.787083 0.787083 0.787083
726.434448 0.000000 242.080246 0.000000 0.993671 0.000000 -0.112333 0.806138 0.806138 0.806138
754.419922 0.000000 246.843430 0.000000 0.834153 0.000000 -0.551533 0.813652 0.813652 0.813652
741.512634 0.000000 224.282196 0.000000 0.045892 0.000000 -0.998946 0.846597 0.846597 0.846597
744.354553 0.000000 232.596008 0.000000 0.309760 0.000000 -0.950815 0.838376 0.838376 0.838376
744.039856 0.000000 246.563705 0.000000 0.562957 0.000000 -0.826486 0.829728 0.829728 0.829728
754.493469 0.000000 240.451004 0.000000 0.215130 0.000000 0.976586 0.758626 0.758626 0.758626
758.638428 0.000000 250.111649 0.000000 0.896560 0.000000 -0.442923 0.826669 0.826669 0.826669
758.763306 0.000000 245.535141 0.000000 0.466253 0.000000 0.884652 0.733644 0.733644 0.733644
742.533508 0.000000 252.107666 0.000000 0.961062 0.000000 0.276333 0.791445 0.791445 0.791445
755.740845 0.000000 243.604767 0.000000 0.158268 0.000000 0.987396 0.704408 0.704408 0.704408
758.426636 0.000000 242.080246 0.000000 0.910193 0.000000 -0.414185 0.821493 0.821493 0.821493
781.295471 0.000000 84.865860 0.000000 0.622157 0.000000 0.782892 0.722408 0.722408 0.722408
790.879700 0.000000 79.107361 0.000000 0.302841 0.000000 -0.953041 0.855248 0.855248 0.855248
795.495850 0.000000 74.230148 0.000000 0.941215 0.000000 -0.337809 0.819408 0.819408 0.819408
784.643738 0.000000 84.397491 0.000000 0.232885 0.000000 -0.972504 0.888838 0.888838 0.888838
810.286377 0.000000 93.484680 0.000000 0.553475 0.000000 0.832866 0.742795 0.742795 0.742795
786.485657 0.000000 112.513504 0.000000 0.920147 0.000000 0.391574 0.776616 0.776616 0.776616
791.585693 0.000000 96.665253 0.000000 0.274875 0.000000 0.961480 0.669138 0.669138 0.669138
821.295898 0.000000 99.923920 0.000000 0.866317 0.000000 -0.499495 0.823817 0.823817 0.823817
847.152527 0.000000 113.852417 0.000000 0.342279 0.000000 -0.939598 0.870991 0.870991 0.870991
798.085022 0.000000 158.290497 0.000000 0.251066 0.000000 0.967970 0.723456 0.723456 0.723456
821.295898 0.000000 131.908295 0.000000 0.966225 0.000000 0.257699 0.788912 0.788912 0.788912
799.856262 0.000000 158.465897 0.000000 0.800468 0.000000 -0.599375 0.837355 0.837355 0.837355
786.412109 0.000000 182.874680 0.000000 0.758543 0.000000 0.651623 0.758751 0.758751 0.758751
797.444397 0.000000 173.214142 0.000000 0.134816 0.000000 -0.990871 0.840427 0.840427 0.840427
798.085022 0.000000 190.274872 0.000000 0.656179 0.000000 -0.754605 0.817419 0.817419 0.817419
792.991394 0.000000 190.110779 0.000000 0.489613 0.000000 -0.871940 0.861557 0.861557 0.861557
790.879700 0.000000 175.060486 0.000000 0.998371 0.000000 0.057048 0.797572 0.797572 0.797572
794.569885 0.000000 175.028763 0.000000 0.286749 0.000000 -0.958006 0.874391 0.874391 0.874391
810.286377 0.000000 189.437805 0.000000 0.981237 0.000000 -0.192808 0.802093 0.802093 0.802093
805.497009 0.000000 160.313446 0.000000 0.885105 0.000000 -0.465392 0.803771 0.803771 0.803771
819.964355 0.000000 190.882767 0.000000 0.401593 0.000000 -0.915818 0.865195 0.865195 0.865195
808.338928 0.000000 168.627258 0.000000 0.064163 0.000000 0.997939 0.781043 0.781043 0.781043
808.024231 0.000000 182.594955 0.000000 0.376320 0.000000 0.926490 0.760950 0.760950 0.760950
818.477844 0.000000 176.482254 0.000000 0.970041 0.000000 0.242941 0.795589 0.795589 0.795589
804.085083 0.000000 184.849609 0.000000 0.598484 0.000000 -0.801135 0.887409 0.887409 0.887409
812.312622 0.000000 171.084122 0.000000 0.483612 0.000000 0.875283 0.764231 0.764231 0.764231
811.638550 0.000000 185.123230 0.000000 0.986412 0.000000 -0.164292 0.819184 0.819184 0.819184
806.517883 0.000000 188.138916 0.000000 0.552417 0.000000 0.833568 0.751579 0.751579 0.751579
815.271301 0.000000 174.047180 0.000000 0.515647 0.000000 0.856801 0.733411 0.733411 0.733411
819.767517 0.000000 172.709579 0.000000 0.667020 0.000000 0.745040 0.761722 0.761722 0.761722
814.056763 0.000000 191.399017 0.000000 0.928335 0.000000 0.371745 0.776950 0.776950 0.776950
803.200806 0.000000 162.263367 0.000000 0.434961 0.000000 -0.900449 0.865141 0.865141 0.865141
808.844299 0.000000 186.137360 0.000000 0.861391 0.000000 -0.507942 0.845012 0.845012 0.845012
834.477539 0.000000 140.096695 0.000000 0.963296 0.000000 -0.268442 0.821821 0.821821 0.821821
875.622925 0.000000 153.138855 0.000000 0.392047 0.000000 0.919945 0.759412 0.759412 0.759412
872.828674 0.000000 154.152985 0.000000 0.756529 0.000000 -0.653960 0.840574 0.840574 0.840574
862.069397 0.000000 190.274872 0.000000 0.999918 0.000000 -0.012790 0.800483 0.800483 0.800483
877.972534 0.000000 163.751724 0.000000 0.376691 0.000000 -0.926339 0.829100 0.829100 0.829100
882.388672 0.000000 182.874680 0.000000 0.897156 0.000000 -0.441714 0.820011 0.820011 0.820011
869.474915 0.000000 178.820633 0.000000 0.895924 0.000000 0.444207 0.773248 0.773248 0.773248
870.502258 0.000000 188.138916 0.000000 0.985271 0.000000 -0.171001 0.809988 0.809988 0.809988
883.262085 0.000000 186.109528 0.000000 0.873260 0.000000 -0.487255 0.829580 0.829580 0.829580
866.415588 0.000000 178.932678 0.000000 0.861767 0.000000 -0.507304 0.828691 0.828691 0.828691
779.297729 0.000000 207.617493 0.000000 0.299090 0.000000 -0.954225 0.823535 0.823535 0.823535
795.336609 0.000000 192.282440 0.000000 0.718618 0.000000 0.695405 0.729966 0.729966 0.729966
776.346741 0.000000 200.611633 0.000000 0.581812 0.000000 -0.813323 0.829025 0.829025 0.829025
797.015076 0.000000 198.667892 0.000000 0.951667 0.000000 0.307132 0.789712 0.789712 0.789712
794.252319 0.000000 195.555405 0.000000 0.096121 0.000000 0.995370 0.702816 0.702816 0.702816
800.556213 0.000000 199.831207 0.000000 0.193054 0.000000 0.981188 0.772783 0.772783 0.772783
811.289917 0.000000 207.617493 0.000000 0.966168 0.000000 -0.257915 0.815161 0.815161 0.815161
813.988159 0.000000 195.736099 0.000000 0.966118 0.000000 -0.258100 0.813608 0.813608 0.813608
827.328796 0.000000 192.282440 0.000000 0.844406 0.000000 -0.535704 0.809146 0.809146 0.809146
805.497009 0.000000 192.297821 0.000000 0.087343 0.000000 0.996178 0.722676 0.722676 0.722676
825.650940 0.000000 210.318268 0.000000 0.370412 0.000000 -0.928868 0.838546 0.838546 0.838546
808.024231 0.000000 214.579330 0.000000 0.782816 0.000000 -0.622254 0.832193 0.832193 0.832193
816.698792 0.000000 202.358521 0.000000 0.838794 0.000000 0.544449 0.772058 0.772058 0.772058
829.007263 0.000000 198.667892 0.000000 0.663155 0.000000 -0.748482 0.849156 0.849156 0.849156
818.477844 0.000000 208.466629 0.000000 0.181246 0.000000 -0.983438 0.824959 0.824959 0.824959
813.287659 0.000000 212.803360 0.000000 0.006403 0.000000 -0.999979 1.000591 1.000591 1.000591
815.459778 0.000000 219.866226 0.000000 0.910230 0.000000 -0.414103 0.812279 0.812279 0.812279
817.551880 0.000000 192.185654 0.000000 0.854096 0.000000 0.520116 0.721015 0.721015 0.721015
824.983582 0.000000 222.095154 0.000000 0.769790 0.000000 -0.638297 0.840235 0.840235 0.840235
811.638550 0.000000 217.107605 0.000000 0.531982 0.000000 -0.846756 0.844171 0.844171 0.844171
822.747681 0.000000 213.550766 0.000000 0.069451 0.000000 0.997585 0.712746 0.712746 0.712746
809.624878 0.000000 196.415421 0.000000 0.983957 0.000000 -0.178408 0.807738 0.807738 0.807738
817.565308 0.000000 197.475876 0.000000 0.169288 0.000000 -0.985567 0.909103 0.909103 0.909103
819.767517 0.000000 204.693954 0.000000 0.804078 0.000000 0.594523 0.772152 0.772152 0.772152
814.190857 0.000000 199.558441 0.000000 0.965799 0.000000 -0.259292 0.813830 0.813830 0.813830
830.436646 0.000000 209.977081 0.000000 0.363985 0.000000 -0.931405 0.869642 0.869642 0.869642
829.633972 0.000000 195.094574 0.000000 0.005591 0.000000 0.999984 0.709031 0.709031 0.709031
815.151917 0.000000 216.233566 0.000000 0.349036 0.000000 -0.937109 0.871300 0.871300 0.871300
807.595459 0.000000 208.375870 0.000000 0.906676 0.000000 0.421827 0.752774 0.752774 0.752774
811.168945 0.000000 199.062988 0.000000 0.897941 0.000000 -0.440116 0.821299 0.821299 0.821299
822.411011 0.000000 210.095871 0.000000 0.789272 0.000000 -0.614044 0.832485 0.832485 0.832485
808.102173 0.000000 193.781464 0.000000 0.544948 0.000000 -0.838470 0.866140 0.866140 0.866140
805.735046 0.000000 199.617325 0.000000 0.252758 0.000000 -0.967530 0.876443 0.876443 0.876443
810.835693 0.000000 214.211731 0.000000 0.590366 0.000000 0.807136 0.737530 0.737530 0.737530
812.506531 0.000000 210.266418 0.000000 0.205038 0.000000 0.978754 0.679835 0.679835 0.679835
791.949707 0.000000 234.858475 0.000000 0.378298 0.000000 0.925684 0.741176 0.741176 0.741176
796.130005 0.000000 250.061096 0.000000 0.919183 0.000000 0.393831 0.784235 0.784235 0.784235
793.658752 0.000000 242.302643 0.000000 0.534649 0.000000 0.845074 0.780095 0.780095 0.780095
770.593384 0.000000 253.161469 0.000000 0.928365 0.000000 0.371669 0.794524 0.794524 0.794524
798.085022 0.000000 254.243622 0.000000 0.539832 0.000000 0.841773 0.752039 0.752039 0.752039
774.525696 0.000000 252.107666 0.000000 0.835262 0.000000 0.549852 0.782210 0.782210 0.782210
823.941895 0.000000 234.858475 0.000000 0.455576 0.000000 0.890197 0.751984 0.751984 0.751984
813.988159 0.000000 227.720474 0.000000 0.165522 0.000000 -0.986206 0.862274 0.862274 0.862274
827.328796 0.000000 224.266815 0.000000 0.122321 0.000000 0.992491 0.781778 0.781778 0.781778
818.404297 0.000000 246.843430 0.000000 0.540736 0.000000 -0.841192 0.820960 0.820960 0.820960
804.085083 0.000000 248.818359 0.000000 0.888810 0.000000 -0.458275 0.826527 0.826527 0.826527
811.638550 0.000000 249.091980 0.000000 0.984548 0.000000 -0.175115 0.805484 0.805484 0.805484
807.906738 0.000000 237.180176 0.000000 0.799055 0.000000 -0.601258 0.833240 0.833240 0.833240
819.277710 0.000000 250.078278 0.000000 0.168278 0.000000 -0.985740 0.881467 0.881467 0.881467
799.856262 0.000000 254.419022 0.000000 0.986867 0.000000 -0.161536 0.807777 0.807777 0.807777
816.635925 0.000000 244.319366 0.000000 0.995246 0.000000 -0.097391 0.805669 0.805669 0.805669
832.785217 0.000000 213.406189 0.000000 0.000744 0.000000 1.000000 0.768956 0.768956 0.768956
834.577759 0.000000 221.177094 0.000000 0.714868 0.000000 -0.699259 0.831550 0.831550 0.831550
851.956543 0.000000 222.867142 0.000000 0.896043 0.000000 -0.443966 0.826736 0.826736 0.826736
832.154358 0.000000 208.984146 0.000000 0.725316 0.000000 0.688416 0.775433 0.775433 0.775433
843.630737 0.000000 217.107605 0.000000 0.157217 0.000000 -0.987564 0.860954 0.860954 0.860954
856.674255 0.000000 198.644089 0.000000 0.141118 0.000000 0.989993 0.716935 0.716935 0.716935
832.047913 0.000000 217.458069 0.000000 0.821783 0.000000 -0.569801 0.824701 0.824701 0.824701
841.608337 0.000000 211.010590 0.000000 0.607406 0.000000 0.794392 0.746646 0.746646 0.746646
844.647400 0.000000 219.795273 0.000000 0.928109 0.000000 0.372310 0.777828 0.777828 0.777828
867.872437 0.000000 206.563965 0.000000 0.993372 0.000000 -0.114941 0.804417 0.804417 0.804417
885.280273 0.000000 195.877045 0.000000 0.514350 0.000000 -0.857580 0.859895 0.859895 0.859895
863.977844 0.000000 193.550705 0.000000 0.622152 0.000000 0.782897 0.755815 0.755815 0.755815
879.136292 0.000000 216.233566 0.000000 0.243001 0.000000 -0.970026 0.862734 0.862734 0.862734
849.544067 0.000000 224.170029 0.000000 0.580047 0.000000 -0.814583 0.834795 0.834795 0.834795
862.069397 0.000000 254.243622 0.000000 0.904900 0.000000 0.425623 0.790253 0.790253 0.790253
862.022705 0.000000 245.789536 0.000000 0.930018 0.000000 0.367514 0.792108 0.792108 0.792108
860.141296 0.000000 243.683319 0.000000 0.933406 0.000000 -0.358821 0.821330 0.821330 0.821330
864.777405 0.000000 245.390564 0.000000 0.171431 0.000000 0.985196 0.718719 0.718719 0.718719
889.635315 0.000000 242.302643 0.000000 0.644547 0.000000 0.764565 0.754108 0.754108 0.754108
872.008606 0.000000 246.563705 0.000000 0.975427 0.000000 -0.220324 0.804259 0.804259 0.804259
892.991638 0.000000 230.652267 0.000000 0.630566 0.000000 0.776136 0.778705 0.778705 0.778705
882.462219 0.000000 240.451004 0.000000 0.999901 0.000000 0.014097 0.799552 0.799552 0.799552
868.069458 0.000000 248.818359 0.000000 0.140841 0.000000 -0.990032 0.838543 0.838543 0.838543
894.421021 0.000000 241.961456 0.000000 0.005817 0.000000 0.999983 0.713732 0.713732 0.713732
883.709595 0.000000 243.604767 0.000000 0.049339 0.000000 -0.998782 0.888425 0.888425 0.888425
890.546448 0.000000 238.997513 0.000000 0.692945 0.000000 -0.720991 0.846800 0.846800 0.846800
906.262939 0.000000 221.422180 0.000000 0.983340 0.000000 0.181774 0.798357 0.798357 0.798357
907.266479 0.000000 207.617493 0.000000 0.927325 0.000000 0.374257 0.796782 0.796782 0.796782
899.864624 0.000000 206.563965 0.000000 0.688765 0.000000 -0.724985 0.847136 0.847136 0.847136
909.264221 0.000000 212.803360 0.000000 0.432097 0.000000 0.901827 0.738715 0.738715 0.738715
901.467102 0.000000 210.805008 0.000000 0.740159 0.000000 0.672432 0.757137 0.757137 0.757137
906.262939 0.000000 253.406555 0.000000 0.129049 0.000000 -0.991638 0.857864 0.857864 0.857864
906.569031 0.000000 224.065796 0.000000 0.034530 0.000000 -0.999404 0.834058 0.834058 0.834058
900.061646 0.000000 248.818359 0.000000 0.589723 0.000000 -0.807606 0.854637 0.854637 0.854637
701.038513 0.000000 262.636658 0.000000 0.620485 0.000000 0.784218 0.778936 0.778936 0.778936
732.145630 0.000000 282.045471 0.000000 0.291834 0.000000 0.956469 0.761049 0.761049 0.761049
718.011597 0.000000 259.704865 0.000000 0.779844 0.000000 0.625974 0.796758 0.796758 0.796758
712.362366 0.000000 264.580383 0.000000 0.092448 0.000000 0.995718 0.785829 0.785829 0.785829
722.501282 0.000000 272.435364 0.000000 0.809219 0.000000 0.587507 0.783068 0.783068 0.783068
717.311096 0.000000 276.772095 0.000000 0.150518 0.000000 0.988607 0.756617 0.756617 0.756617
734.100647 0.000000 286.227997 0.000000 0.827971 0.000000 -0.560771 0.826039 0.826039 0.826039
734.053955 0.000000 277.773926 0.000000 0.047874 0.000000 -0.998853 0.834674 0.834674 0.834674
729.007019 0.000000 286.063904 0.000000 0.658066 0.000000 0.752961 0.766286 0.766286 0.766286
764.137817 0.000000 282.045471 0.000000 0.172135 0.000000 -0.985073 0.831826 0.831826 0.831826
747.305542 0.000000 271.586243 0.000000 0.926599 0.000000 0.376050 0.789374 0.789374 0.789374
736.808655 0.000000 277.374939 0.000000 0.812571 0.000000 0.582862 0.780986 0.780986 0.780986
761.666565 0.000000 274.287018 0.000000 0.511949 0.000000 -0.859016 0.834672 0.834672 0.834672
757.311523 0.000000 259.845795 0.000000 0.294312 0.000000 -0.955709 0.814481 0.814481 0.814481
752.714417 0.000000 266.327271 0.000000 0.999693 0.000000 -0.024775 0.800579 0.800579 0.800579
765.452209 0.000000 269.167267 0.000000 0.963082 0.000000 -0.269209 0.805226 0.805226 0.805226
766.092834 0.000000 286.227997 0.000000 0.719575 0.000000 -0.694415 0.817477 0.817477 0.817477
748.328247 0.000000 267.037231 0.000000 0.932389 0.000000 -0.361455 0.811301 0.811301 0.811301
760.697693 0.000000 262.612823 0.000000 0.937539 0.000000 -0.347881 0.810857 0.810857 0.810857
743.922363 0.000000 269.164551 0.000000 0.146945 0.000000 0.989145 0.756507 0.756507 0.756507
731.352234 0.000000 288.235565 0.000000 0.122260 0.000000 0.992498 0.755745 0.755745 0.755745
759.957520 0.000000 298.827209 0.000000 0.327615 0.000000 -0.944811 0.832612 0.832612 0.832612
747.305542 0.000000 303.570618 0.000000 0.898865 0.000000 0.438226 0.783420 0.783420 0.783420
750.003784 0.000000 291.689240 0.000000 0.925194 0.000000 0.379495 0.788105 0.788105 0.788105
757.311523 0.000000 291.830170 0.000000 0.803282 0.000000 -0.595599 0.808410 0.808410 0.808410
736.009094 0.000000 289.503845 0.000000 0.221301 0.000000 -0.975206 0.841181 0.841181 0.841181
746.608093 0.000000 288.034546 0.000000 0.120576 0.000000 0.992704 0.769594 0.769594 0.769594
760.697693 0.000000 294.597198 0.000000 0.453504 0.000000 0.891254 0.766383 0.766383 0.766383
758.887512 0.000000 302.997986 0.000000 0.952078 0.000000 -0.305855 0.809498 0.809498 0.809498
743.922363 0.000000 301.148926 0.000000 0.326855 0.000000 -0.945075 0.837825 0.837825 0.837825
724.597717 0.000000 360.030884 0.000000 0.905211 0.000000 0.424963 0.787377 0.787377 0.787377
730.051697 0.000000 364.375275 0.000000 0.609008 0.000000 -0.793164 0.857628 0.857628 0.857628
725.430420 0.000000 362.714172 0.000000 0.369600 0.000000 0.929191 0.700706 0.700706 0.700706
635.375671 0.000000 416.173065 0.000000 0.998427 0.000000 0.056073 0.799025 0.799025 0.799025
629.342773 0.000000 419.767670 0.000000 0.184271 0.000000 -0.982875 0.844827 0.844827 0.844827
779.297729 0.000000 271.586243 0.000000 0.958675 0.000000 -0.284505 0.807433 0.807433 0.807433
781.995972 0.000000 259.704865 0.000000 0.459454 0.000000 -0.888202 0.824896 0.824896 0.824896
795.336609 0.000000 256.251190 0.000000 0.785311 0.000000 0.619101 0.789200 0.789200 0.789200
773.504822 0.000000 256.266571 0.000000 0.965289 0.000000 0.261183 0.794142 0.794142 0.794142
776.032043 0.000000 278.548065 0.000000 0.929477 0.000000 -0.368879 0.821958 0.821958 0.821958
781.295471 0.000000 276.772095 0.000000 0.998677 0.000000 0.051415 0.797010 0.797010 0.797010
788.582092 0.000000 264.077759 0.000000 0.215269 0.000000 -0.976555 0.858405 0.858405 0.858405
783.279114 0.000000 270.000305 0.000000 0.439224 0.000000 0.898377 0.736472 0.736472 0.736472
797.641785 0.000000 259.063324 0.000000 0.910095 0.000000 -0.414399 0.817409 0.817409 0.817409
783.159729 0.000000 280.202301 0.000000 0.297375 0.000000 -0.954761 0.863102 0.863102 0.863102
798.633118 0.000000 256.278320 0.000000 0.508738 0.000000 0.860922 0.739725 0.739725 0.739725
800.556213 0.000000 263.799957 0.000000 0.726405 0.000000 0.687267 0.755962 0.755962 0.755962
823.941895 0.000000 266.842834 0.000000 0.739904 0.000000 -0.672713 0.834485 0.834485 0.834485
805.497009 0.000000 256.266571 0.000000 0.933098 0.000000 0.359621 0.778840 0.778840 0.778840
799.993469 0.000000 257.519470 0.000000 0.464284 0.000000 -0.885686 0.863232 0.863232 0.863232
810.592468 0.000000 256.050171 0.000000 0.919610 0.000000 -0.392832 0.823463 0.823463 0.823463
812.312622 0.000000 267.037231 0.000000 0.720031 0.000000 -0.693942 0.844575 0.844575 0.844575
809.624878 0.000000 260.384186 0.000000 0.844006 0.000000 -0.536334 0.832901 0.832901 0.832901
820.574280 0.000000 264.077759 0.000000 0.929041 0.000000 -0.369976 0.815214 0.815214 0.815214
807.906738 0.000000 269.164551 0.000000 0.060946 0.000000 -0.998141 0.887750 0.887750 0.887750
817.565308 0.000000 261.444611 0.000000 0.980998 0.000000 -0.194017 0.812167 0.812167 0.812167
829.633972 0.000000 259.063324 0.000000 0.796747 0.000000 0.604313 0.765396 0.765396 0.765396
793.658752 0.000000 306.271393 0.000000 0.644141 0.000000 0.764907 0.781736 0.781736 0.781736
832.548401 0.000000 263.799957 0.000000 0.353890 0.000000 -0.935287 0.870271 0.870271 0.870271
855.934082 0.000000 266.842834 0.000000 0.925076 0.000000 -0.379783 0.811204 0.811204 0.811204
859.320984 0.000000 256.251190 0.000000 0.464361 0.000000 0.885646 0.782401 0.782401 0.782401
837.489197 0.000000 256.266571 0.000000 0.682866 0.000000 0.730544 0.774970 0.774970 0.774970
840.331116 0.000000 264.580383 0.000000 0.863694 0.000000 -0.504017 0.825004 0.825004 0.825004
848.690979 0.000000 266.327271 0.000000 0.068654 0.000000 0.997641 0.712699 0.712699 0.712699
860.999451 0.000000 262.636658 0.000000 0.857291 0.000000 0.514831 0.785418 0.785418 0.785418
861.428772 0.000000 269.167267 0.000000 0.336102 0.000000 -0.941826 0.843412 0.843412 0.843412
831.985657 0.000000 257.519470 0.000000 0.711659 0.000000 -0.702525 0.889143 0.889143 0.889143
856.674255 0.000000 262.612823 0.000000 0.766518 0.000000 0.642222 0.778271 0.778271 0.778271
852.566467 0.000000 264.077759 0.000000 0.964133 0.000000 -0.265420 0.808370 0.808370 0.808370
836.199341 0.000000 266.035370 0.000000 0.713668 0.000000 0.700484 0.764195 0.764195 0.764195
859.480225 0.000000 266.136414 0.000000 0.182079 0.000000 -0.983284 0.850720 0.850720 0.850720
875.274292 0.000000 271.586243 0.000000 0.420132 0.000000 -0.907463 0.858599 0.858599 0.858599
869.481384 0.000000 256.266571 0.000000 0.851946 0.000000 0.523630 0.777876 0.777876 0.777876
872.008606 0.000000 278.548065 0.000000 0.518439 0.000000 0.855114 0.776030 0.776030 0.776030
863.977844 0.000000 257.519470 0.000000 0.278222 0.000000 0.960517 0.745943 0.745943 0.745943
888.666443 0.000000 262.612823 0.000000 0.994011 0.000000 0.109284 0.793636 0.793636 0.793636
768.001282 0.000000 321.488220 0.000000 0.045631 0.000000 0.998958 0.776241 0.776241 0.776241
909.964722 0.000000 259.704865 0.000000 0.173088 0.000000 -0.984906 0.849380 0.849380 0.849380
900.620544 0.000000 260.994995 0.000000 0.735471 0.000000 0.677556 0.776806 0.776806 0.776806
900.183716 0.000000 266.035370 0.000000 0.351497 0.000000 0.936189 0.729581 0.729581 0.729581
901.711609 0.000000 263.586090 0.000000 0.898928 0.000000 -0.438097 0.826356 0.826356 0.826356
938.255127 0.000000 381.344055 0.000000 0.323645 0.000000 -0.946178 0.831979 0.831979 0.831979
932.053833 0.000000 376.755859 0.000000 0.718935 0.000000 0.695077 0.766385 0.766385 0.766385
983.902832 0.000000 394.780334 0.000000 0.692270 0.000000 -0.721639 0.802415 0.802415 0.802415
133.661072 0.000000 608.094666 0.000000 0.428766 0.000000 0.903415 0.747298 0.747298 0.747298
128.157547 0.000000 609.347595 0.000000 0.005570 0.000000 0.999985 0.748419 0.748419 0.748419
155.652100 0.000000 617.964539 0.000000 0.694072 0.000000 0.719905 0.746550 0.746550 0.746550
190.233475 0.000000 638.056091 0.000000 0.395263 0.000000 -0.918568 0.855816 0.855816 0.855816
190.186768 0.000000 629.602051 0.000000 0.211965 0.000000 0.977277 0.771538 0.771538 0.771538
192.941467 0.000000 629.203064 0.000000 0.995151 0.000000 0.098357 0.796576 0.796576 0.796576
196.233536 0.000000 632.630859 0.000000 0.474585 0.000000 0.880210 0.765821 0.765821 0.765821
192.204163 0.000000 633.254944 0.000000 0.999121 0.000000 -0.041923 0.803945 0.803945 0.803945
226.726196 0.000000 636.973938 0.000000 0.940302 0.000000 0.340343 0.779400 0.779400 0.779400
224.196350 0.000000 633.254944 0.000000 0.998502 0.000000 0.054706 0.796458 0.796458 0.796458
228.073639 0.000000 629.443542 0.000000 0.468977 0.000000 0.883211 0.744860 0.744860 0.744860
50.665318 0.000000 656.247864 0.000000 0.677350 0.000000 -0.735661 0.815850 0.815850 0.815850
51.954998 0.000000 652.475220 0.000000 0.651572 0.000000 -0.758587 0.845922 0.845922 0.845922
74.466072 0.000000 733.172180 0.000000 0.856514 0.000000 -0.516124 0.809423 0.809423 0.809423
72.518600 0.000000 712.361633 0.000000 0.037589 0.000000 -0.999293 0.841339 0.841339 0.841339
68.823700 0.000000 708.776245 0.000000 0.161718 0.000000 -0.986837 0.866664 0.866664 0.866664
68.386848 0.000000 713.816650 0.000000 0.893080 0.000000 -0.449899 0.829359 0.829359 0.829359
69.914764 0.000000 711.367310 0.000000 0.999840 0.000000 0.017888 0.798349 0.798349 0.798349
91.508499 0.000000 736.016846 0.000000 0.743885 0.000000 0.668308 0.778949 0.778949 0.778949
74.772171 0.000000 735.815796 0.000000 0.160775 0.000000 0.986991 0.769601 0.769601 0.769601
88.861763 0.000000 742.378479 0.000000 0.449062 0.000000 0.893501 0.754975 0.754975 0.754975
78.370560 0.000000 743.292847 0.000000 0.264517 0.000000 0.964381 0.708649 0.708649 0.708649
90.424194 0.000000 739.289795 0.000000 0.889817 0.000000 0.456317 0.778138 0.778138 0.778138
72.281830 0.000000 737.515869 0.000000 0.833098 0.000000 -0.553126 0.834065 0.834065 0.834065
197.645447 0.000000 640.079041 0.000000 0.317753 0.000000 0.948174 0.759639 0.759639 0.759639
192.141922 0.000000 641.331970 0.000000 0.715026 0.000000 -0.699098 0.818090 0.818090 0.818090
260.020844 0.000000 622.360840 0.000000 0.241919 0.000000 -0.970296 0.866761 0.866761 0.866761
261.623322 0.000000 626.601868 0.000000 0.595090 0.000000 0.803659 0.767562 0.767562 0.767562
256.294983 0.000000 624.781006 0.000000 0.331046 0.000000 0.943615 0.736445 0.736445 0.736445
263.728302 0.000000 624.172729 0.000000 0.814994 0.000000 0.579470 0.744450 0.744450 0.744450
258.564026 0.000000 626.713928 0.000000 0.928924 0.000000 -0.370270 0.824999 0.824999 0.824999
299.414948 0.000000 623.414368 0.000000 0.734457 0.000000 -0.678655 0.859890 0.859890 0.859890
292.013031 0.000000 622.360840 0.000000 0.788807 0.000000 0.614641 0.759942 0.759942 0.759942
288.287170 0.000000 624.781006 0.000000 0.985226 0.000000 0.171261 0.794225 0.794225 0.794225
296.031738 0.000000 620.992676 0.000000 0.345482 0.000000 -0.938426 0.864954 0.864954 0.864954
318.155518 0.000000 661.586426 0.000000 0.785943 0.000000 -0.618299 0.845132 0.845132 0.845132
317.132263 0.000000 678.433533 0.000000 0.337680 0.000000 0.941261 0.770608 0.770608 0.770608
320.910217 0.000000 661.187439 0.000000 0.111156 0.000000 0.993803 0.754529 0.754529 0.754529
345.768127 0.000000 658.099487 0.000000 0.563445 0.000000 0.826153 0.769125 0.769125 0.769125
350.147705 0.000000 661.586426 0.000000 0.059733 0.000000 0.998214 0.746583 0.746583 0.746583
320.279358 0.000000 656.765381 0.000000 0.165090 0.000000 -0.986278 0.864819 0.864819 0.864819
342.989075 0.000000 654.826111 0.000000 0.338830 0.000000 0.940848 0.764031 0.764031 0.764031
320.172913 0.000000 665.239319 0.000000 0.322545 0.000000 0.946554 0.751614 0.751614 0.751614
342.528168 0.000000 657.877136 0.000000 0.206113 0.000000 0.978528 0.733023 0.733023 0.733023
352.902405 0.000000 661.187439 0.000000 0.998552 0.000000 -0.053789 0.800774 0.800774 0.800774
320.673431 0.000000 679.596863 0.000000 0.293084 0.000000 -0.956087 0.844251 0.844251 0.844251
325.614197 0.000000 672.063416 0.000000 0.999996 0.000000 0.002873 0.799962 0.799962 0.799962
441.744690 0.000000 658.099487 0.000000 0.379754 0.000000 0.925088 0.766734 0.766734 0.766734
432.792511 0.000000 650.139771 0.000000 0.287671 0.000000 0.957729 0.777776 0.777776 0.777776
434.571564 0.000000 656.247864 0.000000 0.918063 0.000000 0.396435 0.757746 0.757746 0.757746
438.965637 0.000000 654.826111 0.000000 0.972542 0.000000 0.232727 0.779031 0.779031 0.779031
60.309673 0.000000 793.795471 0.000000 0.443489 0.000000 -0.896280 0.848608 0.848608 0.848608
57.838455 0.000000 850.005737 0.000000 0.930971 0.000000 -0.365094 0.824408 0.824408 0.824408
61.624077 0.000000 844.886047 0.000000 0.352465 0.000000 -0.935825 0.865282 0.865282 0.865282
58.749573 0.000000 846.700623 0.000000 0.958300 0.000000 -0.285763 0.819969 0.819969 0.819969
54.598484 0.000000 849.783386 0.000000 0.414440 0.000000 -0.910077 0.882901 0.882901 0.882901
46.175663 0.000000 899.392334 0.000000 0.276957 0.000000 0.960882 0.716512 0.716512 0.716512
41.812378 0.000000 900.071655 0.000000 0.997568 0.000000 -0.069695 0.803636 0.803636 0.803636
49.752834 0.000000 901.132141 0.000000 0.231173 0.000000 -0.972913 0.885750 0.885750 0.885750
66.765259 0.000000 924.833313 0.000000 0.005687 0.000000 -0.999984 0.823444 0.823444 0.823444
64.735924 0.000000 935.471863 0.000000 0.580894 0.000000 -0.813979 0.806268 0.806268 0.806268
69.676704 0.000000 927.938416 0.000000 0.084933 0.000000 0.996387 0.764391 0.764391 0.764391
500.042450 0.000000 958.507751 0.000000 0.802178 0.000000 -0.597084 0.830671 0.830671 0.830671
587.693237 0.000000 632.904480 0.000000 0.217956 0.000000 0.975959 0.723095 0.723095 0.723095
563.830017 0.000000 652.475220 0.000000 0.036901 0.000000 0.999319 0.731990 0.731990 0.731990
573.696472 0.000000 642.875793 0.000000 0.136651 0.000000 0.990619 0.717532 0.717532 0.717532
579.255493 0.000000 642.028992 0.000000 0.002677 0.000000 -0.999996 0.878924 0.878924 0.878924
788.582092 0.000000 615.905884 0.000000 0.474635 0.000000 0.880183 0.744542 0.744542 0.744542
938.255127 0.000000 637.219055 0.000000 0.539904 0.000000 -0.841726 0.823379 0.823379 0.823379
939.607300 0.000000 632.904480 0.000000 0.175732 0.000000 0.984438 0.738185 0.738185 0.738185
845.980347 0.000000 643.517334 0.000000 0.833086 0.000000 -0.553144 0.803161 0.803161 0.803161
994.538696 0.000000 668.958313 0.000000 0.588039 0.000000 0.808833 0.776855 0.776855 0.776855
1010.430969 0.000000 752.200989 0.000000 0.378840 0.000000 0.925462 0.761748 0.761748 0.761748
1011.678345 0.000000 755.354797 0.000000 0.539766 0.000000 0.841815 0.753235 0.753235 0.753235
534.693115 0.000000 889.799133 0.000000 0.976914 0.000000 0.213631 0.792776 0.792776 0.792776
631.988770 0.000000 874.545959 0.000000 0.534001 0.000000 0.845484 0.772232 0.772232 0.772232
624.745667 0.000000 874.030396 0.000000 0.010643 0.000000 -0.999943 0.856088 0.856088 0.856088
635.534912 0.000000 873.839539 0.000000 0.886282 0.000000 -0.463147 0.829718 0.829718 0.829718
645.529602 0.000000 882.476868 0.000000 0.986112 0.000000 0.166082 0.795601 0.795601 0.795601
639.959595 0.000000 876.013306 0.000000 0.753636 0.000000 0.657293 0.778943 0.778943 0.778943
647.634521 0.000000 880.047729 0.000000 0.399587 0.000000 0.916695 0.736071 0.736071 0.736071
573.069763 0.000000 902.324158 0.000000 0.975808 0.000000 -0.218628 0.805943 0.805943 0.805943
606.131897 0.000000 925.915466 0.000000 0.691732 0.000000 0.722155 0.767123 0.767123 0.767123
644.124146 0.000000 920.490234 0.000000 0.771289 0.000000 0.636485 0.781398 0.781398 0.781398
1052.952637 0.000000 134.699142 0.000000 0.252476 0.000000 0.967603 0.759011 0.759011 0.759011
1048.627441 0.000000 134.675339 0.000000 0.450458 0.000000 0.892798 0.750410 0.750410 0.750410
1054.461792 0.000000 138.345596 0.000000 0.014914 0.000000 -0.999889 0.895088 0.895088 0.895088
1174.536865 0.000000 378.049164 0.000000 0.985528 0.000000 -0.169514 0.810002 0.810002 0.810002
1214.342896 0.000000 433.867706 0.000000 0.192855 0.000000 -0.981227 0.880840 0.880840 0.880840
1263.350342 0.000000 411.772461 0.000000 0.355971 0.000000 0.934497 0.773245 0.773245 0.773245
1340.882324 0.000000 358.589783 0.000000 0.967638 0.000000 0.252342 0.795873 0.795873 0.795873
1355.505737 0.000000 377.029480 0.000000 0.576208 0.000000 0.817303 0.760447 0.760447 0.760447
1331.839355 0.000000 414.773376 0.000000 0.991426 0.000000 0.130670 0.797330 0.797330 0.797330
1384.198242 0.000000 456.486633 0.000000 0.877787 0.000000 -0.479052 0.832028 0.832028 0.832028
1380.066528 0.000000 457.941620 0.000000 0.080727 0.000000 -0.996736 0.897310 0.897310 0.897310
1435.973755 0.000000 473.951721 0.000000 0.950578 0.000000 -0.310484 0.805864 0.805864 0.805864
1430.474365 0.000000 474.002289 0.000000 0.686016 0.000000 0.727586 0.778031 0.778031 0.778031
1430.599243 0.000000 469.425781 0.000000 0.671616 0.000000 -0.740900 0.845996 0.845996 0.845996
1427.576782 0.000000 467.495392 0.000000 0.668821 0.000000 0.743424 0.751788 0.751788 0.751788
1455.303467 0.000000 507.725586 0.000000 0.935837 0.000000 0.352432 0.776262 0.776262 0.776262
1026.530884 0.000000 700.942688 0.000000 0.987074 0.000000 -0.160267 0.803761 0.803761 0.803761
1028.030396 0.000000 696.599609 0.000000 0.802926 0.000000 0.596078 0.781633 0.781633 0.781633
1209.557251 0.000000 690.083862 0.000000 0.808975 0.000000 0.587843 0.790587 0.790587 0.790587
1179.242920 0.000000 704.032471 0.000000 0.404880 0.000000 0.914370 0.761972 0.761972 0.761972
1450.130127 0.000000 541.265930 0.000000 0.829436 0.000000 -0.558602 0.829121 0.829121 0.829121
1450.436279 0.000000 543.909546 0.000000 0.866855 0.000000 -0.498560 0.815637 0.815637 0.815637
1447.750488 0.000000 557.023926 0.000000 0.786294 0.000000 0.617852 0.777254 0.777254 0.777254
1455.004150 0.000000 561.633667 0.000000 0.099913 0.000000 -0.994996 0.877547 0.877547 0.877547
1309.913330 0.000000 725.555176 0.000000 0.369212 0.000000 -0.929345 0.855024 0.855024 0.855024
1312.668091 0.000000 725.156189 0.000000 0.639561 0.000000 -0.768740 0.837303 0.837303 0.837303
1328.573730 0.000000 714.108521 0.000000 0.443089 0.000000 -0.896478 0.827311 0.827311 0.827311
1259.180542 0.000000 847.304993 0.000000 0.997024 0.000000 -0.077090 0.800694 0.800694 0.800694
1297.448120 0.000000 965.100891 0.000000 0.934067 0.000000 0.357098 0.787091 0.787091 0.787091
2780.959961 0.000000 589.011047 0.000000 0.999805 0.000000 -0.019736 0.800710 0.800710 0.800710
2793.802002 0.000000 605.234680 0.000000 0.016367 0.000000 0.999866 0.755294 0.755294 0.755294
2794.108154 0.000000 607.878296 0.000000 0.880164 0.000000 -0.474669 0.815706 0.815706 0.815706
2835.275391 0.000000 588.506470 0.000000 0.802875 0.000000 0.596147 0.771298 0.771298 0.771298
2840.491455 0.000000 637.892029 0.000000 0.997944 0.000000 -0.064089 0.801614 0.801614 0.801614
3054.912842 0.000000 571.694336 0.000000 0.897449 0.000000 0.441117 0.789051 0.789051 0.789051
3057.005127 0.000000 575.998169 0.000000 0.803069 0.000000 0.595886 0.780493 0.780493 0.780493
2819.395752 0.000000 654.345215 0.000000 0.908377 0.000000 -0.418151 0.808789 0.808789 0.808789
2820.998291 0.000000 658.586243 0.000000 0.685604 0.000000 -0.727975 0.840061 0.840061 0.840061
2894.049072 0.000000 640.547363 0.000000 0.213616 0.000000 0.976918 0.735025 0.735025 0.735025
2663.885742 0.000000 1000.221008 0.000000 0.867909 0.000000 -0.496724 0.807164 0.807164 0.807164
3194.750732 0.000000 544.110596 0.000000 0.052932 0.000000 -0.998598 0.879122 0.879122 0.879122
3193.666260 0.000000 547.383545 0.000000 0.556754 0.000000 -0.830678 0.865787 0.865787 0.865787
3194.750732 0.000000 576.094971 0.000000 0.054954 0.000000 0.998489 0.776386 0.776386 0.776386
3209.700439 0.000000 573.250305 0.000000 0.483699 0.000000 0.875235 0.775092 0.775092 0.775092
3290.727295 0.000000 576.094971 0.000000 0.998320 0.000000 0.057934 0.798645 0.798645 0.798645
3293.032471 0.000000 578.907043 0.000000 0.998075 0.000000 -0.062012 0.804164 0.804164 0.804164
3305.677002 0.000000 605.234680 0.000000 0.100601 0.000000 -0.994927 0.941808 0.941808 0.941808
3303.414795 0.000000 598.391846 0.000000 0.851358 0.000000 -0.524585 0.827463 0.827463 0.827463
3307.029297 0.000000 600.920105 0.000000 0.510483 0.000000 0.859888 0.743564 0.743564 0.743564
3301.908447 0.000000 603.935791 0.000000 0.756313 0.000000 -0.654210 0.863666 0.863666 0.863666
3305.983154 0.000000 607.878296 0.000000 0.987319 0.000000 -0.158750 0.807451 0.807451 0.807451
3373.363281 0.000000 579.548584 0.000000 0.529335 0.000000 0.848413 0.770259 0.770259 0.770259
3373.931885 0.000000 576.578613 0.000000 0.454560 0.000000 0.890716 0.741399 0.741399 0.741399
3367.367188 0.000000 606.780029 0.000000 0.147070 0.000000 -0.989126 0.887832 0.887832 0.887832
3377.892334 0.000000 578.588501 0.000000 0.909067 0.000000 -0.416649 0.841200 0.841200 0.841200
3369.967529 0.000000 607.878296 0.000000 0.944231 0.000000 -0.329285 0.815682 0.815682 0.815682
3157.706055 0.000000 924.666260 0.000000 0.957437 0.000000 0.288643 0.781578 0.781578 0.781578
3152.981689 0.000000 927.826294 0.000000 0.655334 0.000000 0.755340 0.773324 0.773324 0.773324
3133.874023 0.000000 977.602051 0.000000 0.579879 0.000000 0.814703 0.736670 0.736670 0.736670
3132.391113 0.000000 975.521057 0.000000 0.612482 0.000000 -0.790484 0.861721 0.861721 0.861721
3113.723877 0.000000 1021.031555 0.000000 0.958510 0.000000 0.285058 0.781814 0.781814 0.781814
3106.023193 0.000000 1020.786438 0.000000 0.949955 0.000000 0.312387 0.784010 0.784010 0.784010
3111.461670 0.000000 1014.188721 0.000000 0.999183 0.000000 -0.040407 0.801719 0.801719 0.801719
3136.222656 0.000000 981.031189 0.000000 0.965222 0.000000 -0.261430 0.805388 0.805388 0.805388
3140.073730 0.000000 964.651245 0.000000 0.912078 0.000000 -0.410016 0.809872 0.809872 0.809872
3417.018066 0.000000 945.958862 0.000000 0.121950 0.000000 -0.992536 0.827774 0.827774 0.827774
3459.239502 0.000000 942.204590 0.000000 0.169679 0.000000 -0.985499 0.821814 0.821814 0.821814
"}
