object={
	name="dead_tree_02_generator_0"
	render_pass=Map
	clamp_to_water_level=no
	generated_content=yes
	layer="tree_high_layer"
	pdxmesh="dead_tree_02_mesh"
	count=436
	transform="249.124191 0.000000 1405.516968 0.000000 0.076942 0.000000 0.997036 1.000000 1.000000 1.000000
249.531036 0.000000 1402.604126 0.000000 0.800980 0.000000 -0.598692 1.000000 1.000000 1.000000
246.417114 0.000000 1404.431885 0.000000 0.972815 0.000000 -0.231584 1.000000 1.000000 1.000000
247.823410 0.000000 1404.835571 0.000000 0.159984 0.000000 0.987120 1.000000 1.000000 1.000000
253.147903 0.000000 1414.074097 0.000000 0.308145 0.000000 -0.951339 1.000000 1.000000 1.000000
253.577209 0.000000 1420.604736 0.000000 0.999983 0.000000 -0.005857 1.000000 1.000000 1.000000
248.822693 0.000000 1414.050293 0.000000 0.973731 0.000000 -0.227702 1.000000 1.000000 1.000000
251.628662 0.000000 1417.573853 0.000000 0.558187 0.000000 0.829715 1.000000 1.000000 1.000000
254.657135 0.000000 1417.720581 0.000000 0.843934 0.000000 -0.536447 1.000000 1.000000 1.000000
250.168869 0.000000 1419.859619 0.000000 0.983122 0.000000 0.182953 1.000000 1.000000 1.000000
253.094284 0.000000 1423.302246 0.000000 0.096290 0.000000 -0.995353 1.000000 1.000000 1.000000
250.999207 0.000000 1415.201660 0.000000 0.414847 0.000000 -0.909891 1.000000 1.000000 1.000000
254.832825 0.000000 1415.544189 0.000000 0.999919 0.000000 0.012737 1.000000 1.000000 1.000000
251.290863 0.000000 1412.943481 0.000000 0.757648 0.000000 0.652664 1.000000 1.000000 1.000000
254.950012 0.000000 1422.258667 0.000000 0.875435 0.000000 0.483336 1.000000 1.000000 1.000000
250.937439 0.000000 1438.338135 0.000000 0.778612 0.000000 -0.627505 1.000000 1.000000 1.000000
252.993988 0.000000 1416.206787 0.000000 0.532395 0.000000 -0.846496 1.000000 1.000000 1.000000
253.121353 0.000000 1418.778931 0.000000 0.944767 0.000000 -0.327742 1.000000 1.000000 1.000000
252.702469 0.000000 1438.472168 0.000000 0.698120 0.000000 0.715981 1.000000 1.000000 1.000000
249.447586 0.000000 1412.395752 0.000000 0.998179 0.000000 -0.060320 1.000000 1.000000 1.000000
254.735809 0.000000 1423.848755 0.000000 0.435769 0.000000 0.900058 1.000000 1.000000 1.000000
250.229752 0.000000 1414.004639 0.000000 0.635515 0.000000 0.772089 1.000000 1.000000 1.000000
252.837494 0.000000 1421.869507 0.000000 0.441742 0.000000 0.897142 1.000000 1.000000 1.000000
251.469437 0.000000 1439.673096 0.000000 0.047773 0.000000 -0.998858 1.000000 1.000000 1.000000
253.147903 0.000000 1446.058472 0.000000 0.740997 0.000000 0.671509 1.000000 1.000000 1.000000
254.171143 0.000000 1461.195801 0.000000 0.999736 0.000000 0.022977 1.000000 1.000000 1.000000
248.822693 0.000000 1446.034668 0.000000 0.002842 0.000000 0.999996 1.000000 1.000000 1.000000
255.025803 0.000000 1464.833496 0.000000 0.973134 0.000000 -0.230238 1.000000 1.000000 1.000000
247.230072 0.000000 1447.958862 0.000000 0.996130 0.000000 0.087887 1.000000 1.000000 1.000000
246.260590 0.000000 1445.623169 0.000000 0.451098 0.000000 -0.892474 1.000000 1.000000 1.000000
250.999207 0.000000 1447.186035 0.000000 0.822040 0.000000 0.569430 1.000000 1.000000 1.000000
255.736603 0.000000 1462.715942 0.000000 0.776031 0.000000 -0.630695 1.000000 1.000000 1.000000
251.290863 0.000000 1444.927856 0.000000 0.844563 0.000000 0.535456 1.000000 1.000000 1.000000
251.895218 0.000000 1441.573730 0.000000 0.891950 0.000000 -0.452134 1.000000 1.000000 1.000000
253.131241 0.000000 1440.281006 0.000000 0.807022 0.000000 -0.590522 1.000000 1.000000 1.000000
249.447586 0.000000 1444.380127 0.000000 0.635084 0.000000 0.772443 1.000000 1.000000 1.000000
253.256973 0.000000 1444.539917 0.000000 0.699569 0.000000 -0.714565 1.000000 1.000000 1.000000
313.775940 0.000000 1361.755737 0.000000 0.219200 0.000000 0.975680 1.000000 1.000000 1.000000
303.584778 0.000000 1371.303711 0.000000 0.044071 0.000000 -0.999028 1.000000 1.000000 1.000000
318.155518 0.000000 1365.242676 0.000000 0.001524 0.000000 0.999999 1.000000 1.000000 1.000000
310.996887 0.000000 1358.482422 0.000000 0.279983 0.000000 -0.960005 1.000000 1.000000 1.000000
307.850250 0.000000 1363.057861 0.000000 0.999782 0.000000 -0.020881 1.000000 1.000000 1.000000
314.687073 0.000000 1358.450684 0.000000 0.988142 0.000000 0.153545 1.000000 1.000000 1.000000
310.535980 0.000000 1361.533325 0.000000 0.937718 0.000000 -0.347396 1.000000 1.000000 1.000000
300.780212 0.000000 1371.232788 0.000000 0.006596 0.000000 0.999978 1.000000 1.000000 1.000000
312.878296 0.000000 1359.681885 0.000000 0.817156 0.000000 0.576416 1.000000 1.000000 1.000000
319.720978 0.000000 1366.762817 0.000000 0.806137 0.000000 0.591729 1.000000 1.000000 1.000000
302.261841 0.000000 1369.541992 0.000000 0.682566 0.000000 0.730824 1.000000 1.000000 1.000000
308.635376 0.000000 1360.555298 0.000000 0.961569 0.000000 -0.274565 1.000000 1.000000 1.000000
312.188477 0.000000 1361.258789 0.000000 0.828873 0.000000 -0.559437 1.000000 1.000000 1.000000
307.402435 0.000000 1361.632202 0.000000 0.969171 0.000000 -0.246388 1.000000 1.000000 1.000000
280.074707 0.000000 1386.296021 0.000000 0.573999 0.000000 -0.818856 1.000000 1.000000 1.000000
285.569397 0.000000 1388.620361 0.000000 0.971338 0.000000 -0.237703 1.000000 1.000000 1.000000
268.445404 0.000000 1386.490356 0.000000 0.983279 0.000000 -0.182103 1.000000 1.000000 1.000000
271.404114 0.000000 1389.453369 0.000000 0.278513 0.000000 -0.960433 1.000000 1.000000 1.000000
282.694885 0.000000 1390.435059 0.000000 0.053841 0.000000 -0.998550 1.000000 1.000000 1.000000
282.161041 0.000000 1387.875244 0.000000 0.369334 0.000000 -0.929297 1.000000 1.000000 1.000000
269.030396 0.000000 1389.243408 0.000000 0.354772 0.000000 -0.934953 1.000000 1.000000 1.000000
270.722321 0.000000 1387.140747 0.000000 0.171121 0.000000 0.985250 1.000000 1.000000 1.000000
286.941559 0.000000 1380.461182 0.000000 0.587126 0.000000 0.809496 1.000000 1.000000 1.000000
286.825012 0.000000 1383.559814 0.000000 0.754849 0.000000 0.655899 1.000000 1.000000 1.000000
283.743896 0.000000 1388.903198 0.000000 0.750803 0.000000 -0.660527 1.000000 1.000000 1.000000
268.063629 0.000000 1387.988159 0.000000 0.844798 0.000000 -0.535085 1.000000 1.000000 1.000000
288.681244 0.000000 1383.253052 0.000000 0.473090 0.000000 -0.881014 1.000000 1.000000 1.000000
289.090790 0.000000 1380.056396 0.000000 0.997892 0.000000 0.064892 1.000000 1.000000 1.000000
291.325806 0.000000 1377.669678 0.000000 0.226638 0.000000 0.973979 1.000000 1.000000 1.000000
293.982788 0.000000 1378.129028 0.000000 0.973438 0.000000 -0.228949 1.000000 1.000000 1.000000
287.992645 0.000000 1381.568970 0.000000 0.994734 0.000000 0.102493 1.000000 1.000000 1.000000
290.875580 0.000000 1379.273315 0.000000 0.058118 0.000000 0.998310 1.000000 1.000000 1.000000
289.602661 0.000000 1381.856567 0.000000 0.909525 0.000000 -0.415649 1.000000 1.000000 1.000000
292.541809 0.000000 1378.775635 0.000000 0.055532 0.000000 -0.998457 1.000000 1.000000 1.000000
320.910217 0.000000 1364.843750 0.000000 0.226903 0.000000 -0.973917 1.000000 1.000000 1.000000
349.553772 0.000000 1356.635986 0.000000 0.971405 0.000000 -0.237430 1.000000 1.000000 1.000000
350.147705 0.000000 1365.242676 0.000000 0.985145 0.000000 -0.171724 1.000000 1.000000 1.000000
350.553802 0.000000 1361.414551 0.000000 0.344197 0.000000 0.938897 1.000000 1.000000 1.000000
346.256378 0.000000 1366.497314 0.000000 0.483488 0.000000 -0.875351 1.000000 1.000000 1.000000
335.277557 0.000000 1361.243042 0.000000 0.957898 0.000000 0.287108 1.000000 1.000000 1.000000
346.679260 0.000000 1358.450684 0.000000 0.979867 0.000000 -0.199653 1.000000 1.000000 1.000000
332.623718 0.000000 1361.703857 0.000000 0.510439 0.000000 0.859914 1.000000 1.000000 1.000000
349.070831 0.000000 1359.333496 0.000000 0.185939 0.000000 0.982561 1.000000 1.000000 1.000000
322.050812 0.000000 1367.018188 0.000000 0.701717 0.000000 0.712456 1.000000 1.000000 1.000000
348.753906 0.000000 1367.185059 0.000000 0.528321 0.000000 0.849045 1.000000 1.000000 1.000000
351.713165 0.000000 1366.762817 0.000000 0.993391 0.000000 -0.114783 1.000000 1.000000 1.000000
350.926575 0.000000 1358.289917 0.000000 0.977660 0.000000 0.210192 1.000000 1.000000 1.000000
348.063354 0.000000 1365.217041 0.000000 0.413103 0.000000 0.910684 1.000000 1.000000 1.000000
320.026215 0.000000 1366.555298 0.000000 0.460963 0.000000 -0.887420 1.000000 1.000000 1.000000
347.728271 0.000000 1356.918823 0.000000 0.629754 0.000000 -0.776795 1.000000 1.000000 1.000000
350.712372 0.000000 1359.880005 0.000000 0.983462 0.000000 -0.181112 1.000000 1.000000 1.000000
380.231537 0.000000 1369.514282 0.000000 0.853566 0.000000 -0.520985 1.000000 1.000000 1.000000
352.902405 0.000000 1364.843750 0.000000 0.724830 0.000000 -0.688928 1.000000 1.000000 1.000000
382.186615 0.000000 1373.696777 0.000000 0.789808 0.000000 -0.613354 1.000000 1.000000 1.000000
356.194489 0.000000 1368.271484 0.000000 0.766960 0.000000 0.641695 1.000000 1.000000 1.000000
352.271545 0.000000 1360.421631 0.000000 0.452502 0.000000 -0.891763 1.000000 1.000000 1.000000
352.165100 0.000000 1368.895508 0.000000 0.777791 0.000000 0.628523 1.000000 1.000000 1.000000
378.248566 0.000000 1366.497314 0.000000 0.887126 0.000000 -0.461528 1.000000 1.000000 1.000000
353.295654 0.000000 1358.110352 0.000000 0.308107 0.000000 0.951352 1.000000 1.000000 1.000000
383.590210 0.000000 1371.371704 0.000000 0.956655 0.000000 -0.291224 1.000000 1.000000 1.000000
354.042999 0.000000 1367.018188 0.000000 0.994039 0.000000 -0.109025 1.000000 1.000000 1.000000
376.033539 0.000000 1367.437012 0.000000 0.899899 0.000000 0.436097 1.000000 1.000000 1.000000
357.942780 0.000000 1366.164795 0.000000 0.778767 0.000000 0.627314 1.000000 1.000000 1.000000
381.503357 0.000000 1371.117432 0.000000 0.846985 0.000000 -0.531617 1.000000 1.000000 1.000000
378.166321 0.000000 1368.610107 0.000000 0.121971 0.000000 -0.992534 1.000000 1.000000 1.000000
376.549744 0.000000 1369.115601 0.000000 0.568476 0.000000 -0.822700 1.000000 1.000000 1.000000
355.705414 0.000000 1366.661865 0.000000 0.018178 0.000000 0.999835 1.000000 1.000000 1.000000
351.952057 0.000000 1358.876831 0.000000 0.932091 0.000000 0.362224 1.000000 1.000000 1.000000
354.618591 0.000000 1368.484009 0.000000 0.737810 0.000000 -0.675008 1.000000 1.000000 1.000000
379.347168 0.000000 1367.657104 0.000000 0.297883 0.000000 -0.954602 1.000000 1.000000 1.000000
373.405273 0.000000 1379.298950 0.000000 0.991816 0.000000 -0.127678 1.000000 1.000000 1.000000
372.683624 0.000000 1383.530884 0.000000 0.339588 0.000000 0.940574 1.000000 1.000000 1.000000
369.674713 0.000000 1380.897705 0.000000 0.338883 0.000000 0.940829 1.000000 1.000000 1.000000
382.625885 0.000000 1385.736206 0.000000 0.905333 0.000000 0.424702 1.000000 1.000000 1.000000
370.626740 0.000000 1378.197876 0.000000 0.428116 0.000000 0.903724 1.000000 1.000000 1.000000
370.057800 0.000000 1383.599854 0.000000 0.975849 0.000000 0.218444 1.000000 1.000000 1.000000
375.198822 0.000000 1383.990112 0.000000 0.666200 0.000000 0.745773 1.000000 1.000000 1.000000
374.229340 0.000000 1381.654419 0.000000 0.402043 0.000000 -0.915621 1.000000 1.000000 1.000000
368.261169 0.000000 1378.348389 0.000000 0.361989 0.000000 0.932182 1.000000 1.000000 1.000000
372.030334 0.000000 1381.342773 0.000000 0.987863 0.000000 -0.155326 1.000000 1.000000 1.000000
380.962738 0.000000 1384.222412 0.000000 0.542419 0.000000 -0.840108 1.000000 1.000000 1.000000
381.090088 0.000000 1386.794556 0.000000 0.633958 0.000000 -0.773367 1.000000 1.000000 1.000000
383.240417 0.000000 1387.481934 0.000000 0.595992 0.000000 0.802990 1.000000 1.000000 1.000000
371.350098 0.000000 1379.755615 0.000000 0.216131 0.000000 -0.976364 1.000000 1.000000 1.000000
386.687134 0.000000 1372.614624 0.000000 0.681389 0.000000 0.731921 1.000000 1.000000 1.000000
383.957855 0.000000 1373.872192 0.000000 0.999847 0.000000 -0.017518 1.000000 1.000000 1.000000
386.697174 0.000000 1375.302979 0.000000 0.548003 0.000000 0.836476 1.000000 1.000000 1.000000
386.362122 0.000000 1370.047485 0.000000 0.321868 0.000000 -0.946785 1.000000 1.000000 1.000000
387.532715 0.000000 1373.984619 0.000000 0.686368 0.000000 -0.727254 1.000000 1.000000 1.000000
394.387939 0.000000 1404.843994 0.000000 0.950846 0.000000 0.309664 1.000000 1.000000 1.000000
398.089722 0.000000 1379.157959 0.000000 0.990151 0.000000 0.140005 1.000000 1.000000 1.000000
402.505829 0.000000 1398.280884 0.000000 0.310195 0.000000 -0.950673 1.000000 1.000000 1.000000
389.598572 0.000000 1375.719727 0.000000 0.481983 0.000000 -0.876181 1.000000 1.000000 1.000000
387.989594 0.000000 1389.985840 0.000000 0.971319 0.000000 -0.237780 1.000000 1.000000 1.000000
402.579376 0.000000 1391.888550 0.000000 0.193347 0.000000 -0.981130 1.000000 1.000000 1.000000
389.592072 0.000000 1394.226929 0.000000 0.724392 0.000000 0.689388 1.000000 1.000000 1.000000
384.022125 0.000000 1387.763306 0.000000 0.390119 0.000000 0.920764 1.000000 1.000000 1.000000
395.740143 0.000000 1400.529541 0.000000 0.973120 0.000000 -0.230299 1.000000 1.000000 1.000000
392.008301 0.000000 1388.617676 0.000000 0.834277 0.000000 -0.551346 1.000000 1.000000 1.000000
388.308716 0.000000 1385.488525 0.000000 0.225215 0.000000 -0.974309 1.000000 1.000000 1.000000
399.261932 0.000000 1393.227417 0.000000 0.997716 0.000000 0.067545 1.000000 1.000000 1.000000
403.379272 0.000000 1401.515747 0.000000 0.870666 0.000000 -0.491874 1.000000 1.000000 1.000000
391.697052 0.000000 1391.797729 0.000000 0.988895 0.000000 -0.148614 1.000000 1.000000 1.000000
400.737488 0.000000 1395.756836 0.000000 0.892046 0.000000 -0.451944 1.000000 1.000000 1.000000
396.756775 0.000000 1403.217163 0.000000 0.959264 0.000000 0.282510 1.000000 1.000000 1.000000
405.209259 0.000000 1399.239380 0.000000 0.718539 0.000000 -0.695487 1.000000 1.000000 1.000000
386.586914 0.000000 1387.487305 0.000000 0.957005 0.000000 -0.290072 1.000000 1.000000 1.000000
389.491699 0.000000 1387.859619 0.000000 0.595855 0.000000 -0.803092 1.000000 1.000000 1.000000
390.706635 0.000000 1385.716187 0.000000 0.735527 0.000000 -0.677495 1.000000 1.000000 1.000000
391.589722 0.000000 1395.652588 0.000000 0.076963 0.000000 0.997034 1.000000 1.000000 1.000000
396.051239 0.000000 1380.287231 0.000000 0.704352 0.000000 0.709851 1.000000 1.000000 1.000000
390.208740 0.000000 1390.140503 0.000000 0.926576 0.000000 0.376107 1.000000 1.000000 1.000000
400.447021 0.000000 1391.453003 0.000000 0.899541 0.000000 0.436836 1.000000 1.000000 1.000000
401.910461 0.000000 1393.893311 0.000000 0.545144 0.000000 0.838342 1.000000 1.000000 1.000000
394.790192 0.000000 1402.494385 0.000000 0.277561 0.000000 0.960708 1.000000 1.000000 1.000000
392.593567 0.000000 1403.979126 0.000000 0.614579 0.000000 0.788855 1.000000 1.000000 1.000000
391.796570 0.000000 1393.772217 0.000000 0.976570 0.000000 -0.215201 1.000000 1.000000 1.000000
402.544525 0.000000 1396.462036 0.000000 0.849987 0.000000 -0.526803 1.000000 1.000000 1.000000
397.570679 0.000000 1381.271606 0.000000 0.997730 0.000000 -0.067344 1.000000 1.000000 1.000000
388.124847 0.000000 1395.285522 0.000000 0.819471 0.000000 -0.573120 1.000000 1.000000 1.000000
403.520264 0.000000 1399.670776 0.000000 0.408088 0.000000 -0.912943 1.000000 1.000000 1.000000
385.388855 0.000000 1388.532959 0.000000 0.112072 0.000000 0.993700 1.000000 1.000000 1.000000
387.907227 0.000000 1388.384766 0.000000 0.567463 0.000000 -0.823399 1.000000 1.000000 1.000000
384.037109 0.000000 1389.269897 0.000000 0.918256 0.000000 -0.395988 1.000000 1.000000 1.000000
386.606537 0.000000 1389.418945 0.000000 0.982553 0.000000 0.185984 1.000000 1.000000 1.000000
390.798004 0.000000 1387.205444 0.000000 0.279669 0.000000 -0.960096 1.000000 1.000000 1.000000
395.420135 0.000000 1403.814697 0.000000 0.994287 0.000000 -0.106740 1.000000 1.000000 1.000000
400.874512 0.000000 1392.877197 0.000000 0.998284 0.000000 0.058556 1.000000 1.000000 1.000000
388.150482 0.000000 1386.958252 0.000000 0.999920 0.000000 0.012620 1.000000 1.000000 1.000000
390.592712 0.000000 1388.739624 0.000000 0.874528 0.000000 -0.484975 1.000000 1.000000 1.000000
389.415375 0.000000 1386.364990 0.000000 0.681498 0.000000 -0.731820 1.000000 1.000000 1.000000
281.783752 0.000000 1425.724487 0.000000 0.915621 0.000000 0.402042 1.000000 1.000000 1.000000
272.831573 0.000000 1417.764771 0.000000 0.915690 0.000000 0.401885 1.000000 1.000000 1.000000
286.163330 0.000000 1429.211426 0.000000 0.546059 0.000000 0.837746 1.000000 1.000000 1.000000
268.445404 0.000000 1418.474731 0.000000 0.483515 0.000000 0.875336 1.000000 1.000000 1.000000
276.707062 0.000000 1415.515259 0.000000 0.091902 0.000000 -0.995768 1.000000 1.000000 1.000000
279.004700 0.000000 1422.451172 0.000000 0.609899 0.000000 0.792480 1.000000 1.000000 1.000000
271.404114 0.000000 1421.437744 0.000000 0.648774 0.000000 -0.760981 1.000000 1.000000 1.000000
282.272003 0.000000 1430.466064 0.000000 0.968391 0.000000 0.249437 1.000000 1.000000 1.000000
282.694885 0.000000 1422.419434 0.000000 0.034124 0.000000 0.999418 1.000000 1.000000 1.000000
281.523224 0.000000 1434.588501 0.000000 0.384952 0.000000 -0.922937 1.000000 1.000000 1.000000
287.017975 0.000000 1432.849121 0.000000 0.904410 0.000000 0.426664 1.000000 1.000000 1.000000
284.281921 0.000000 1427.105225 0.000000 0.987805 0.000000 0.155699 1.000000 1.000000 1.000000
266.689331 0.000000 1420.440308 0.000000 0.913772 0.000000 -0.406228 1.000000 1.000000 1.000000
277.539795 0.000000 1418.198486 0.000000 0.991181 0.000000 0.132513 1.000000 1.000000 1.000000
273.484283 0.000000 1420.112915 0.000000 0.787163 0.000000 0.616745 1.000000 1.000000 1.000000
284.769531 0.000000 1431.153809 0.000000 0.968990 0.000000 0.247101 1.000000 1.000000 1.000000
269.030396 0.000000 1421.227783 0.000000 0.710022 0.000000 0.704179 1.000000 1.000000 1.000000
270.722321 0.000000 1419.125122 0.000000 0.173447 0.000000 -0.984843 1.000000 1.000000 1.000000
281.870636 0.000000 1428.160156 0.000000 0.218595 0.000000 0.975816 1.000000 1.000000 1.000000
275.179779 0.000000 1417.645630 0.000000 0.078698 0.000000 -0.996898 1.000000 1.000000 1.000000
280.886108 0.000000 1423.650635 0.000000 0.995481 0.000000 0.094962 1.000000 1.000000 1.000000
287.728790 0.000000 1430.731567 0.000000 0.155776 0.000000 0.987792 1.000000 1.000000 1.000000
280.022675 0.000000 1427.031494 0.000000 0.136108 0.000000 0.990694 1.000000 1.000000 1.000000
283.823730 0.000000 1424.953125 0.000000 0.119039 0.000000 -0.992890 1.000000 1.000000 1.000000
282.189758 0.000000 1432.578857 0.000000 0.674760 0.000000 0.738037 1.000000 1.000000 1.000000
284.078979 0.000000 1429.185791 0.000000 0.720958 0.000000 0.692978 1.000000 1.000000 1.000000
280.649933 0.000000 1429.559448 0.000000 0.974017 0.000000 0.226476 1.000000 1.000000 1.000000
280.573181 0.000000 1433.084351 0.000000 0.608779 0.000000 0.793340 1.000000 1.000000 1.000000
272.941162 0.000000 1421.891602 0.000000 0.938497 0.000000 0.345287 1.000000 1.000000 1.000000
255.975510 0.000000 1422.845581 0.000000 0.860901 0.000000 -0.508772 1.000000 1.000000 1.000000
283.120026 0.000000 1434.693237 0.000000 0.906884 0.000000 -0.421381 1.000000 1.000000 1.000000
286.259125 0.000000 1431.530396 0.000000 0.536324 0.000000 -0.844012 1.000000 1.000000 1.000000
271.984161 0.000000 1419.958740 0.000000 0.637434 0.000000 0.770505 1.000000 1.000000 1.000000
282.820618 0.000000 1426.819458 0.000000 0.523466 0.000000 -0.852046 1.000000 1.000000 1.000000
268.063629 0.000000 1419.972534 0.000000 0.993645 0.000000 -0.112556 1.000000 1.000000 1.000000
270.294586 0.000000 1420.504272 0.000000 0.996363 0.000000 -0.085207 1.000000 1.000000 1.000000
285.326050 0.000000 1428.037354 0.000000 0.010460 0.000000 -0.999945 1.000000 1.000000 1.000000
283.262634 0.000000 1428.095093 0.000000 0.645730 0.000000 -0.763565 1.000000 1.000000 1.000000
282.677063 0.000000 1429.241699 0.000000 0.999975 0.000000 -0.007131 1.000000 1.000000 1.000000
298.411377 0.000000 1436.828369 0.000000 0.809468 0.000000 -0.587165 1.000000 1.000000 1.000000
288.180725 0.000000 1432.864258 0.000000 0.172044 0.000000 -0.985089 1.000000 1.000000 1.000000
302.181763 0.000000 1438.789673 0.000000 0.798945 0.000000 -0.601404 1.000000 1.000000 1.000000
300.527985 0.000000 1437.345581 0.000000 0.470529 0.000000 0.882384 1.000000 1.000000 1.000000
299.169891 0.000000 1438.658691 0.000000 0.964632 0.000000 0.263599 1.000000 1.000000 1.000000
288.034027 0.000000 1430.524048 0.000000 0.870241 0.000000 -0.492626 1.000000 1.000000 1.000000
300.806061 0.000000 1438.676270 0.000000 0.944229 0.000000 0.329290 1.000000 1.000000 1.000000
266.419189 0.000000 1468.812744 0.000000 0.530939 0.000000 -0.847410 1.000000 1.000000 1.000000
284.254974 0.000000 1465.467407 0.000000 0.051474 0.000000 0.998674 1.000000 1.000000 1.000000
256.925842 0.000000 1460.796875 0.000000 0.907510 0.000000 -0.420031 1.000000 1.000000 1.000000
260.217926 0.000000 1464.224609 0.000000 0.191386 0.000000 -0.981515 1.000000 1.000000 1.000000
256.188538 0.000000 1464.848633 0.000000 0.972683 0.000000 -0.232138 1.000000 1.000000 1.000000
262.650726 0.000000 1467.513916 0.000000 0.283430 0.000000 0.958993 1.000000 1.000000 1.000000
287.017975 0.000000 1464.833496 0.000000 0.975493 0.000000 -0.220029 1.000000 1.000000 1.000000
264.124908 0.000000 1470.358154 0.000000 0.683036 0.000000 0.730384 1.000000 1.000000 1.000000
287.613647 0.000000 1467.324829 0.000000 0.060302 0.000000 -0.998180 1.000000 1.000000 1.000000
258.066437 0.000000 1462.971313 0.000000 0.289896 0.000000 0.957058 1.000000 1.000000 1.000000
262.928650 0.000000 1464.120239 0.000000 0.416510 0.000000 0.909131 1.000000 1.000000 1.000000
261.966217 0.000000 1462.117920 0.000000 0.226681 0.000000 0.973969 1.000000 1.000000 1.000000
285.526794 0.000000 1467.070557 0.000000 0.727663 0.000000 -0.685935 1.000000 1.000000 1.000000
267.177704 0.000000 1470.643066 0.000000 0.201217 0.000000 -0.979547 1.000000 1.000000 1.000000
256.041840 0.000000 1462.508423 0.000000 0.319071 0.000000 0.947731 1.000000 1.000000 1.000000
298.411377 0.000000 1468.812744 0.000000 0.977897 0.000000 0.209086 1.000000 1.000000 1.000000
302.113159 0.000000 1443.126709 0.000000 0.619033 0.000000 0.785365 1.000000 1.000000 1.000000
288.918030 0.000000 1460.796875 0.000000 0.659797 0.000000 0.751444 1.000000 1.000000 1.000000
306.529266 0.000000 1462.249634 0.000000 0.238981 0.000000 -0.971024 1.000000 1.000000 1.000000
290.710571 0.000000 1468.567749 0.000000 0.983425 0.000000 0.181315 1.000000 1.000000 1.000000
309.420898 0.000000 1443.267700 0.000000 0.094310 0.000000 -0.995543 1.000000 1.000000 1.000000
305.676910 0.000000 1439.576294 0.000000 0.947338 0.000000 0.320235 1.000000 1.000000 1.000000
298.717468 0.000000 1439.472046 0.000000 0.933984 0.000000 -0.357314 1.000000 1.000000 1.000000
299.763580 0.000000 1464.498291 0.000000 0.323354 0.000000 -0.946278 1.000000 1.000000 1.000000
288.180725 0.000000 1464.848633 0.000000 0.737207 0.000000 0.675667 1.000000 1.000000 1.000000
294.642914 0.000000 1467.513916 0.000000 0.903888 0.000000 -0.427770 1.000000 1.000000 1.000000
303.276886 0.000000 1463.624146 0.000000 0.274337 0.000000 -0.961634 1.000000 1.000000 1.000000
307.402710 0.000000 1465.484497 0.000000 0.981128 0.000000 -0.193358 1.000000 1.000000 1.000000
302.681793 0.000000 1440.156738 0.000000 0.803142 0.000000 -0.595788 1.000000 1.000000 1.000000
308.645905 0.000000 1440.330444 0.000000 0.294722 0.000000 -0.955583 1.000000 1.000000 1.000000
293.110229 0.000000 1470.138428 0.000000 0.972994 0.000000 -0.230832 1.000000 1.000000 1.000000
306.642365 0.000000 1442.166626 0.000000 0.986716 0.000000 0.162452 1.000000 1.000000 1.000000
290.720612 0.000000 1471.256104 0.000000 0.244600 0.000000 -0.969624 1.000000 1.000000 1.000000
290.058624 0.000000 1462.971313 0.000000 0.819696 0.000000 0.572798 1.000000 1.000000 1.000000
304.276794 0.000000 1442.317139 0.000000 0.697533 0.000000 0.716552 1.000000 1.000000 1.000000
305.143768 0.000000 1465.287720 0.000000 0.349332 0.000000 -0.936999 1.000000 1.000000 1.000000
302.261841 0.000000 1465.495117 0.000000 0.755563 0.000000 0.655076 1.000000 1.000000 1.000000
298.813629 0.000000 1466.463135 0.000000 0.463639 0.000000 0.886024 1.000000 1.000000 1.000000
300.659027 0.000000 1440.126221 0.000000 0.905042 0.000000 -0.425321 1.000000 1.000000 1.000000
296.617004 0.000000 1467.947876 0.000000 0.543679 0.000000 -0.839293 1.000000 1.000000 1.000000
288.034027 0.000000 1462.508423 0.000000 0.369288 0.000000 0.929315 1.000000 1.000000 1.000000
304.799713 0.000000 1462.767334 0.000000 0.816153 0.000000 0.577836 1.000000 1.000000 1.000000
307.365723 0.000000 1443.724365 0.000000 0.357361 0.000000 0.933966 1.000000 1.000000 1.000000
301.442810 0.000000 1441.568237 0.000000 0.666612 0.000000 -0.745405 1.000000 1.000000 1.000000
307.015747 0.000000 1440.551758 0.000000 0.986519 0.000000 -0.163647 1.000000 1.000000 1.000000
291.721039 0.000000 1462.614990 0.000000 0.767501 0.000000 0.641048 1.000000 1.000000 1.000000
305.419342 0.000000 1441.147583 0.000000 0.889938 0.000000 0.456082 1.000000 1.000000 1.000000
305.528107 0.000000 1443.237549 0.000000 0.810591 0.000000 -0.585612 1.000000 1.000000 1.000000
303.710205 0.000000 1465.742920 0.000000 0.978570 0.000000 0.205913 1.000000 1.000000 1.000000
302.894928 0.000000 1441.922729 0.000000 0.895929 0.000000 0.444198 1.000000 1.000000 1.000000
304.567688 0.000000 1464.096069 0.000000 0.493296 0.000000 -0.869861 1.000000 1.000000 1.000000
303.768066 0.000000 1441.083008 0.000000 0.823731 0.000000 0.566980 1.000000 1.000000 1.000000
334.173950 0.000000 1470.774048 0.000000 0.840291 0.000000 -0.542136 1.000000 1.000000 1.000000
382.139893 0.000000 1461.195801 0.000000 0.880808 0.000000 -0.473474 1.000000 1.000000 1.000000
382.545990 0.000000 1457.367676 0.000000 0.740641 0.000000 0.671901 1.000000 1.000000 1.000000
380.746094 0.000000 1463.138184 0.000000 0.992957 0.000000 -0.118475 1.000000 1.000000 1.000000
383.705353 0.000000 1462.715942 0.000000 0.083550 0.000000 0.996504 1.000000 1.000000 1.000000
383.066071 0.000000 1459.364014 0.000000 0.805277 0.000000 0.592899 1.000000 1.000000 1.000000
380.055542 0.000000 1461.170166 0.000000 0.875710 0.000000 -0.482838 1.000000 1.000000 1.000000
266.725281 0.000000 1471.456421 0.000000 0.017830 0.000000 -0.999841 1.000000 1.000000 1.000000
280.814880 0.000000 1478.019043 0.000000 0.696666 0.000000 -0.717396 1.000000 1.000000 1.000000
264.234955 0.000000 1473.156494 0.000000 0.222670 0.000000 0.974894 1.000000 1.000000 1.000000
267.678650 0.000000 1473.930420 0.000000 0.992894 0.000000 0.118999 1.000000 1.000000 1.000000
279.222260 0.000000 1479.943237 0.000000 0.120316 0.000000 0.992736 1.000000 1.000000 1.000000
278.252777 0.000000 1477.607544 0.000000 0.510222 0.000000 0.860043 1.000000 1.000000 1.000000
282.991394 0.000000 1479.170410 0.000000 0.988728 0.000000 0.149720 1.000000 1.000000 1.000000
264.703308 0.000000 1471.282349 0.000000 0.969406 0.000000 -0.245464 1.000000 1.000000 1.000000
266.120056 0.000000 1473.094360 0.000000 0.509964 0.000000 -0.860196 1.000000 1.000000 1.000000
288.681244 0.000000 1479.206177 0.000000 0.930140 0.000000 0.367205 1.000000 1.000000 1.000000
293.622009 0.000000 1471.672852 0.000000 0.211143 0.000000 -0.977455 1.000000 1.000000 1.000000
292.013031 0.000000 1485.938965 0.000000 0.910635 0.000000 -0.413213 1.000000 1.000000 1.000000
296.031738 0.000000 1484.570801 0.000000 0.683407 0.000000 0.730037 1.000000 1.000000 1.000000
289.090790 0.000000 1476.009521 0.000000 0.560738 0.000000 -0.827994 1.000000 1.000000 1.000000
295.720490 0.000000 1487.750854 0.000000 0.880224 0.000000 0.474558 1.000000 1.000000 1.000000
291.325806 0.000000 1473.622803 0.000000 0.234658 0.000000 -0.972078 1.000000 1.000000 1.000000
297.868347 0.000000 1482.016846 0.000000 0.469912 0.000000 -0.882713 1.000000 1.000000 1.000000
290.016296 0.000000 1471.906128 0.000000 0.723395 0.000000 0.690434 1.000000 1.000000 1.000000
290.925690 0.000000 1476.864502 0.000000 0.329252 0.000000 0.944242 1.000000 1.000000 1.000000
291.973480 0.000000 1471.948242 0.000000 0.957909 0.000000 0.287072 1.000000 1.000000 1.000000
289.602661 0.000000 1477.809692 0.000000 0.256344 0.000000 -0.966586 1.000000 1.000000 1.000000
329.742065 0.000000 1475.790405 0.000000 0.133131 0.000000 -0.991098 1.000000 1.000000 1.000000
350.553802 0.000000 1489.352051 0.000000 0.514152 0.000000 0.857699 1.000000 1.000000 1.000000
331.286163 0.000000 1478.437988 0.000000 0.592830 0.000000 0.805327 1.000000 1.000000 1.000000
334.673981 0.000000 1472.141113 0.000000 0.934129 0.000000 -0.356936 1.000000 1.000000 1.000000
328.219330 0.000000 1473.156494 0.000000 0.473072 0.000000 0.881024 1.000000 1.000000 1.000000
331.663025 0.000000 1473.930420 0.000000 0.997155 0.000000 0.075380 1.000000 1.000000 1.000000
332.066864 0.000000 1476.240356 0.000000 0.970116 0.000000 -0.242640 1.000000 1.000000 1.000000
332.651215 0.000000 1472.110596 0.000000 0.028473 0.000000 -0.999595 1.000000 1.000000 1.000000
333.586304 0.000000 1477.224731 0.000000 0.992049 0.000000 0.125854 1.000000 1.000000 1.000000
330.465851 0.000000 1477.162231 0.000000 0.195719 0.000000 0.980660 1.000000 1.000000 1.000000
331.055359 0.000000 1475.216431 0.000000 0.400301 0.000000 0.916384 1.000000 1.000000 1.000000
377.092957 0.000000 1501.470093 0.000000 0.879403 0.000000 0.476079 1.000000 1.000000 1.000000
352.271545 0.000000 1488.359131 0.000000 0.416690 0.000000 0.909049 1.000000 1.000000 1.000000
379.738647 0.000000 1500.149414 0.000000 0.755742 0.000000 -0.654869 1.000000 1.000000 1.000000
378.906189 0.000000 1502.306885 0.000000 0.504533 0.000000 -0.863392 1.000000 1.000000 1.000000
378.095490 0.000000 1500.182007 0.000000 0.772934 0.000000 0.634486 1.000000 1.000000 1.000000
379.438171 0.000000 1503.641846 0.000000 0.012548 0.000000 -0.999921 1.000000 1.000000 1.000000
402.505829 0.000000 1430.265259 0.000000 0.941369 0.000000 -0.337378 1.000000 1.000000 1.000000
401.653473 0.000000 1407.591919 0.000000 0.722983 0.000000 -0.690865 1.000000 1.000000 1.000000
399.253448 0.000000 1431.639771 0.000000 0.160579 0.000000 0.987023 1.000000 1.000000 1.000000
403.826813 0.000000 1427.026611 0.000000 0.173867 0.000000 -0.984769 1.000000 1.000000 1.000000
400.737488 0.000000 1427.741211 0.000000 0.143364 0.000000 0.989670 1.000000 1.000000 1.000000
402.618927 0.000000 1410.182251 0.000000 0.977172 0.000000 -0.212449 1.000000 1.000000 1.000000
400.253357 0.000000 1410.332764 0.000000 0.077123 0.000000 -0.997022 1.000000 1.000000 1.000000
399.267242 0.000000 1429.403687 0.000000 0.992137 0.000000 0.125155 1.000000 1.000000 1.000000
402.992310 0.000000 1408.567383 0.000000 0.364153 0.000000 0.931339 1.000000 1.000000 1.000000
401.395905 0.000000 1409.163208 0.000000 0.149704 0.000000 -0.988731 1.000000 1.000000 1.000000
401.256226 0.000000 1429.381592 0.000000 0.631720 0.000000 -0.775196 1.000000 1.000000 1.000000
384.894592 0.000000 1460.796875 0.000000 0.820151 0.000000 -0.572148 1.000000 1.000000 1.000000
389.592072 0.000000 1458.195679 0.000000 0.906526 0.000000 0.422150 1.000000 1.000000 1.000000
384.263733 0.000000 1456.374756 0.000000 0.701364 0.000000 0.712803 1.000000 1.000000 1.000000
392.008301 0.000000 1452.586426 0.000000 0.176584 0.000000 0.984285 1.000000 1.000000 1.000000
388.034576 0.000000 1461.037354 0.000000 0.777605 0.000000 -0.628753 1.000000 1.000000 1.000000
386.532776 0.000000 1458.307617 0.000000 0.891467 0.000000 -0.453085 1.000000 1.000000 1.000000
393.844910 0.000000 1450.032471 0.000000 0.903763 0.000000 -0.428034 1.000000 1.000000 1.000000
387.989410 0.000000 1456.383667 0.000000 0.789330 0.000000 -0.613969 1.000000 1.000000 1.000000
391.589722 0.000000 1459.621338 0.000000 0.665323 0.000000 -0.746556 1.000000 1.000000 1.000000
383.923859 0.000000 1458.692139 0.000000 0.999097 0.000000 0.042476 1.000000 1.000000 1.000000
389.705994 0.000000 1460.081665 0.000000 0.248875 0.000000 0.968536 1.000000 1.000000 1.000000
392.211548 0.000000 1450.803101 0.000000 0.621087 0.000000 -0.783742 1.000000 1.000000 1.000000
385.090912 0.000000 1457.687256 0.000000 0.525880 0.000000 0.850559 1.000000 1.000000 1.000000
393.474030 0.000000 1451.551147 0.000000 0.992076 0.000000 -0.125641 1.000000 1.000000 1.000000
434.498016 0.000000 1462.249634 0.000000 0.319174 0.000000 -0.947696 1.000000 1.000000 1.000000
446.170990 0.000000 1469.649902 0.000000 0.999974 0.000000 0.007151 1.000000 1.000000 1.000000
438.841431 0.000000 1460.941406 0.000000 0.612280 0.000000 -0.790641 1.000000 1.000000 1.000000
442.232941 0.000000 1462.450439 0.000000 0.595830 0.000000 0.803110 1.000000 1.000000 1.000000
444.242859 0.000000 1459.089600 0.000000 0.786041 0.000000 -0.618175 1.000000 1.000000 1.000000
437.201447 0.000000 1463.208130 0.000000 0.973731 0.000000 0.227700 1.000000 1.000000 1.000000
436.576721 0.000000 1461.052979 0.000000 0.977089 0.000000 0.212830 1.000000 1.000000 1.000000
444.039917 0.000000 1461.170166 0.000000 0.998561 0.000000 0.053621 1.000000 1.000000 1.000000
442.890564 0.000000 1470.322510 0.000000 0.998999 0.000000 0.044741 1.000000 1.000000 1.000000
473.736877 0.000000 1457.708862 0.000000 0.681616 0.000000 0.731710 1.000000 1.000000 1.000000
450.671509 0.000000 1468.567749 0.000000 0.883860 0.000000 -0.467751 1.000000 1.000000 1.000000
468.050262 0.000000 1470.257812 0.000000 0.824483 0.000000 0.565887 1.000000 1.000000 1.000000
456.424866 0.000000 1448.002319 0.000000 0.999235 0.000000 0.039113 1.000000 1.000000 1.000000
469.381836 0.000000 1443.267700 0.000000 0.986436 0.000000 -0.164147 1.000000 1.000000 1.000000
461.373566 0.000000 1460.193970 0.000000 0.728673 0.000000 -0.684861 1.000000 1.000000 1.000000
473.069519 0.000000 1469.485718 0.000000 0.061603 0.000000 0.998101 1.000000 1.000000 1.000000
470.957825 0.000000 1454.435547 0.000000 0.276266 0.000000 0.961081 1.000000 1.000000 1.000000
455.992676 0.000000 1452.586426 0.000000 0.228808 0.000000 0.973471 1.000000 1.000000 1.000000
454.603851 0.000000 1467.513916 0.000000 0.731086 0.000000 -0.682285 1.000000 1.000000 1.000000
467.811188 0.000000 1459.010986 0.000000 0.700146 0.000000 0.714000 1.000000 1.000000 1.000000
474.648010 0.000000 1454.403809 0.000000 0.827654 0.000000 0.561238 1.000000 1.000000 1.000000
459.254913 0.000000 1446.453613 0.000000 0.747755 0.000000 -0.663975 1.000000 1.000000 1.000000
470.496918 0.000000 1457.486450 0.000000 0.791783 0.000000 -0.610802 1.000000 1.000000 1.000000
464.721863 0.000000 1459.725586 0.000000 0.260987 0.000000 0.965342 1.000000 1.000000 1.000000
450.681549 0.000000 1471.256104 0.000000 0.999511 0.000000 -0.031256 1.000000 1.000000 1.000000
457.829285 0.000000 1450.032471 0.000000 0.944354 0.000000 0.328931 1.000000 1.000000 1.000000
471.815338 0.000000 1443.731323 0.000000 0.973003 0.000000 0.230794 1.000000 1.000000 1.000000
470.205902 0.000000 1445.623169 0.000000 0.999102 0.000000 -0.042379 1.000000 1.000000 1.000000
468.006897 0.000000 1445.311523 0.000000 0.724248 0.000000 -0.689539 1.000000 1.000000 1.000000
472.839233 0.000000 1455.635010 0.000000 0.986012 0.000000 -0.166676 1.000000 1.000000 1.000000
463.251617 0.000000 1461.388062 0.000000 0.949406 0.000000 0.314051 1.000000 1.000000 1.000000
468.596313 0.000000 1456.508423 0.000000 0.964148 0.000000 -0.265365 1.000000 1.000000 1.000000
475.776855 0.000000 1456.937500 0.000000 0.993372 0.000000 0.114942 1.000000 1.000000 1.000000
470.159607 0.000000 1470.670044 0.000000 0.993809 0.000000 0.111106 1.000000 1.000000 1.000000
474.882751 0.000000 1470.322510 0.000000 0.709797 0.000000 0.704406 1.000000 1.000000 1.000000
456.577942 0.000000 1467.947876 0.000000 0.996107 0.000000 -0.088158 1.000000 1.000000 1.000000
469.790100 0.000000 1459.330688 0.000000 0.912576 0.000000 0.408907 1.000000 1.000000 1.000000
462.936279 0.000000 1459.077759 0.000000 0.161187 0.000000 0.986924 1.000000 1.000000 1.000000
458.281433 0.000000 1448.215210 0.000000 0.285130 0.000000 -0.958489 1.000000 1.000000 1.000000
456.195923 0.000000 1450.803101 0.000000 0.750217 0.000000 0.661192 1.000000 1.000000 1.000000
473.315063 0.000000 1471.276733 0.000000 0.967777 0.000000 -0.251809 1.000000 1.000000 1.000000
454.702545 0.000000 1469.297607 0.000000 0.624663 0.000000 0.780894 1.000000 1.000000 1.000000
472.149414 0.000000 1457.211914 0.000000 0.888855 0.000000 0.458188 1.000000 1.000000 1.000000
471.742950 0.000000 1470.390015 0.000000 0.998156 0.000000 0.060707 1.000000 1.000000 1.000000
455.619232 0.000000 1466.349365 0.000000 0.567922 0.000000 -0.823083 1.000000 1.000000 1.000000
459.282501 0.000000 1449.374146 0.000000 0.027027 0.000000 0.999635 1.000000 1.000000 1.000000
468.987030 0.000000 1458.012573 0.000000 0.776408 0.000000 -0.630231 1.000000 1.000000 1.000000
457.458405 0.000000 1451.551147 0.000000 0.950177 0.000000 -0.311710 1.000000 1.000000 1.000000
454.782379 0.000000 1451.174194 0.000000 0.504978 0.000000 -0.863132 1.000000 1.000000 1.000000
414.132080 0.000000 1493.180176 0.000000 0.943110 0.000000 0.332481 1.000000 1.000000 1.000000
410.240753 0.000000 1494.434814 0.000000 0.989400 0.000000 -0.145217 1.000000 1.000000 1.000000
412.250671 0.000000 1491.073975 0.000000 0.801184 0.000000 -0.598418 1.000000 1.000000 1.000000
412.738281 0.000000 1495.122559 0.000000 0.131256 0.000000 0.991349 1.000000 1.000000 1.000000
412.047729 0.000000 1493.154541 0.000000 0.375255 0.000000 0.926922 1.000000 1.000000 1.000000
443.422546 0.000000 1471.657471 0.000000 0.919246 0.000000 0.393683 1.000000 1.000000 1.000000
431.365051 0.000000 1485.406494 0.000000 0.389602 0.000000 -0.920983 1.000000 1.000000 1.000000
435.861237 0.000000 1484.068970 0.000000 0.679080 0.000000 0.734064 1.000000 1.000000 1.000000
446.719055 0.000000 1471.684570 0.000000 0.866264 0.000000 -0.499586 1.000000 1.000000 1.000000
433.445221 0.000000 1484.081665 0.000000 0.310025 0.000000 0.950728 1.000000 1.000000 1.000000
430.683258 0.000000 1483.093872 0.000000 0.292553 0.000000 0.956249 1.000000 1.000000 1.000000
443.848328 0.000000 1473.558105 0.000000 0.410072 0.000000 -0.912053 1.000000 1.000000 1.000000
432.902100 0.000000 1485.860352 0.000000 0.977836 0.000000 -0.209373 1.000000 1.000000 1.000000
386.687134 0.000000 1532.536499 0.000000 0.941832 0.000000 0.336084 1.000000 1.000000 1.000000
388.745575 0.000000 1508.385620 0.000000 0.985706 0.000000 -0.168477 1.000000 1.000000 1.000000
384.157288 0.000000 1528.817383 0.000000 0.496024 0.000000 0.868309 1.000000 1.000000 1.000000
387.302368 0.000000 1505.607178 0.000000 0.565814 0.000000 -0.824533 1.000000 1.000000 1.000000
389.959351 0.000000 1506.066528 0.000000 0.271672 0.000000 -0.962390 1.000000 1.000000 1.000000
384.556732 0.000000 1531.531616 0.000000 0.855480 0.000000 -0.517836 1.000000 1.000000 1.000000
385.651093 0.000000 1533.907104 0.000000 0.650100 0.000000 -0.759848 1.000000 1.000000 1.000000
388.518372 0.000000 1506.713135 0.000000 0.722258 0.000000 -0.691623 1.000000 1.000000 1.000000
387.532715 0.000000 1533.906494 0.000000 0.949464 0.000000 -0.313876 1.000000 1.000000 1.000000
462.074097 0.000000 1475.111084 0.000000 0.191835 0.000000 0.981427 1.000000 1.000000 1.000000
475.414734 0.000000 1471.657471 0.000000 0.413239 0.000000 -0.910623 1.000000 1.000000 1.000000
456.424866 0.000000 1479.986694 0.000000 0.411979 0.000000 -0.911193 1.000000 1.000000 1.000000
469.381836 0.000000 1475.252075 0.000000 0.075329 0.000000 0.997159 1.000000 1.000000 1.000000
464.784698 0.000000 1481.733521 0.000000 0.288810 0.000000 -0.957386 1.000000 1.000000 1.000000
448.079407 0.000000 1472.925659 0.000000 0.672829 0.000000 0.739798 1.000000 1.000000 1.000000
465.651276 0.000000 1476.850830 0.000000 0.084513 0.000000 -0.996422 1.000000 1.000000 1.000000
462.276825 0.000000 1478.933472 0.000000 0.924233 0.000000 -0.381830 1.000000 1.000000 1.000000
471.663818 0.000000 1471.993408 0.000000 0.569235 0.000000 0.822175 1.000000 1.000000 1.000000
459.254913 0.000000 1478.437988 0.000000 0.263087 0.000000 -0.964772 1.000000 1.000000 1.000000
451.286743 0.000000 1473.622803 0.000000 0.714084 0.000000 0.700060 1.000000 1.000000 1.000000
468.606842 0.000000 1472.314819 0.000000 0.800092 0.000000 0.599878 1.000000 1.000000 1.000000
466.603302 0.000000 1474.151001 0.000000 0.549825 0.000000 0.835280 1.000000 1.000000 1.000000
471.815338 0.000000 1475.715698 0.000000 0.957012 0.000000 0.290048 1.000000 1.000000 1.000000
464.237732 0.000000 1474.301514 0.000000 0.975344 0.000000 0.220692 1.000000 1.000000 1.000000
463.428925 0.000000 1476.984619 0.000000 0.377749 0.000000 0.925908 1.000000 1.000000 1.000000
462.703339 0.000000 1480.984741 0.000000 0.117279 0.000000 -0.993099 1.000000 1.000000 1.000000
449.977234 0.000000 1471.906128 0.000000 0.784155 0.000000 -0.620565 1.000000 1.000000 1.000000
473.498230 0.000000 1473.005737 0.000000 0.068974 0.000000 0.997618 1.000000 1.000000 1.000000
470.650848 0.000000 1473.741943 0.000000 0.960639 0.000000 0.277801 1.000000 1.000000 1.000000
475.840515 0.000000 1473.558105 0.000000 0.267311 0.000000 0.963610 1.000000 1.000000 1.000000
464.221436 0.000000 1478.979858 0.000000 0.967586 0.000000 -0.252542 1.000000 1.000000 1.000000
458.281433 0.000000 1480.199585 0.000000 0.280500 0.000000 -0.959854 1.000000 1.000000 1.000000
467.326660 0.000000 1475.708740 0.000000 0.063360 0.000000 -0.997991 1.000000 1.000000 1.000000
470.047089 0.000000 1471.355957 0.000000 0.248682 0.000000 0.968585 1.000000 1.000000 1.000000
468.223785 0.000000 1473.923706 0.000000 0.584917 0.000000 -0.811093 1.000000 1.000000 1.000000
448.159027 0.000000 1471.354370 0.000000 0.976859 0.000000 -0.213883 1.000000 1.000000 1.000000
465.489044 0.000000 1475.221924 0.000000 0.832148 0.000000 0.554554 1.000000 1.000000 1.000000
459.282501 0.000000 1481.358521 0.000000 0.944135 0.000000 -0.329559 1.000000 1.000000 1.000000
"}
