object={
	name="ghost_tree_generator_1_0"
	render_pass=Map
	clamp_to_water_level=no
	generated_content=yes
	layer="tree_high_layer"
	pdxmesh="ghost_tree_c_mesh"
	count=1021
	transform="1181.991333 0.000000 1405.681152 0.000000 0.917714 0.000000 0.397241 1.000000 1.000000 1.000000
1183.394897 0.000000 1403.356079 0.000000 0.935132 0.000000 0.354298 1.000000 1.000000 1.000000
1181.307983 0.000000 1403.101807 0.000000 0.999924 0.000000 -0.012365 1.000000 1.000000 1.000000
1181.019775 0.000000 1404.572632 0.000000 0.961312 0.000000 0.275461 1.000000 1.000000 1.000000
1187.991333 0.000000 1400.255859 0.000000 0.905102 0.000000 -0.425194 1.000000 1.000000 1.000000
1183.762573 0.000000 1405.856567 0.000000 0.522979 0.000000 -0.852346 1.000000 1.000000 1.000000
1186.166870 0.000000 1402.031860 0.000000 0.400310 0.000000 0.916380 1.000000 1.000000 1.000000
1188.341187 0.000000 1402.734619 0.000000 0.201006 0.000000 -0.979590 1.000000 1.000000 1.000000
1189.964478 0.000000 1401.766235 0.000000 0.585068 0.000000 0.810984 1.000000 1.000000 1.000000
1186.415527 0.000000 1400.468384 0.000000 0.732573 0.000000 0.680688 1.000000 1.000000 1.000000
1148.044067 0.000000 1465.467407 0.000000 0.197006 0.000000 0.980402 1.000000 1.000000 1.000000
1149.315796 0.000000 1467.070557 0.000000 0.996613 0.000000 0.082239 1.000000 1.000000 1.000000
1146.909058 0.000000 1466.677612 0.000000 0.530246 0.000000 0.847844 1.000000 1.000000 1.000000
1150.358521 0.000000 1489.352051 0.000000 0.099577 0.000000 0.995030 1.000000 1.000000 1.000000
1150.730591 0.000000 1476.414307 0.000000 0.954471 0.000000 0.298303 1.000000 1.000000 1.000000
1150.731323 0.000000 1486.227417 0.000000 0.802141 0.000000 -0.597134 1.000000 1.000000 1.000000
1148.044067 0.000000 1529.436157 0.000000 0.771045 0.000000 0.636780 1.000000 1.000000 1.000000
1133.910034 0.000000 1507.095459 0.000000 0.984067 0.000000 -0.177797 1.000000 1.000000 1.000000
1124.565918 0.000000 1508.385620 0.000000 0.376716 0.000000 -0.926329 1.000000 1.000000 1.000000
1130.514404 0.000000 1503.440796 0.000000 0.999311 0.000000 -0.037124 1.000000 1.000000 1.000000
1129.546753 0.000000 1507.774780 0.000000 0.458426 0.000000 0.888732 1.000000 1.000000 1.000000
1146.061035 0.000000 1526.419189 0.000000 0.518618 0.000000 0.855006 1.000000 1.000000 1.000000
1123.122681 0.000000 1505.607178 0.000000 0.370282 0.000000 0.928920 1.000000 1.000000 1.000000
1128.024048 0.000000 1505.140869 0.000000 0.907852 0.000000 0.419291 1.000000 1.000000 1.000000
1131.467651 0.000000 1505.914795 0.000000 0.955610 0.000000 -0.294634 1.000000 1.000000 1.000000
1125.779663 0.000000 1506.066528 0.000000 0.503418 0.000000 0.864043 1.000000 1.000000 1.000000
1148.558594 0.000000 1527.106934 0.000000 0.107298 0.000000 -0.994227 1.000000 1.000000 1.000000
1127.748657 0.000000 1507.041138 0.000000 0.896298 0.000000 0.443453 1.000000 1.000000 1.000000
1124.338745 0.000000 1506.713135 0.000000 0.594820 0.000000 0.803859 1.000000 1.000000 1.000000
1125.970947 0.000000 1507.696777 0.000000 0.513890 0.000000 -0.857856 1.000000 1.000000 1.000000
1165.902222 0.000000 1411.142334 0.000000 0.986818 0.000000 0.161832 1.000000 1.000000 1.000000
1152.707153 0.000000 1428.812500 0.000000 0.825064 0.000000 -0.565040 1.000000 1.000000 1.000000
1179.242920 0.000000 1407.688721 0.000000 0.990444 0.000000 0.137916 1.000000 1.000000 1.000000
1170.318359 0.000000 1430.265259 0.000000 0.979740 0.000000 0.200276 1.000000 1.000000 1.000000
1168.612793 0.000000 1417.764771 0.000000 0.338677 0.000000 0.940903 1.000000 1.000000 1.000000
1181.944580 0.000000 1429.211426 0.000000 0.478639 0.000000 0.878012 1.000000 1.000000 1.000000
1152.076172 0.000000 1424.390381 0.000000 0.013271 0.000000 0.999912 1.000000 1.000000 1.000000
1164.226685 0.000000 1418.474731 0.000000 0.295868 0.000000 -0.955229 1.000000 1.000000 1.000000
1169.479370 0.000000 1412.882080 0.000000 0.466954 0.000000 -0.884282 1.000000 1.000000 1.000000
1166.104980 0.000000 1414.964722 0.000000 0.914257 0.000000 -0.405135 1.000000 1.000000 1.000000
1167.074463 0.000000 1425.211792 0.000000 0.004610 0.000000 -0.999989 1.000000 1.000000 1.000000
1171.191772 0.000000 1433.500122 0.000000 0.977536 0.000000 0.210769 1.000000 1.000000 1.000000
1155.847046 0.000000 1429.052979 0.000000 0.344087 0.000000 0.938938 1.000000 1.000000 1.000000
1166.470825 0.000000 1408.172363 0.000000 0.434852 0.000000 -0.900502 1.000000 1.000000 1.000000
1168.550049 0.000000 1427.741211 0.000000 0.179834 0.000000 -0.983697 1.000000 1.000000 1.000000
1154.345215 0.000000 1426.323242 0.000000 0.485173 0.000000 0.874418 1.000000 1.000000 1.000000
1182.539307 0.000000 1407.715820 0.000000 0.675177 0.000000 -0.737656 1.000000 1.000000 1.000000
1162.470581 0.000000 1420.440308 0.000000 0.494438 0.000000 0.869213 1.000000 1.000000 1.000000
1169.862427 0.000000 1415.584229 0.000000 0.722593 0.000000 0.691274 1.000000 1.000000 1.000000
1164.811646 0.000000 1421.227783 0.000000 0.838317 0.000000 0.545182 1.000000 1.000000 1.000000
1168.065796 0.000000 1410.332764 0.000000 0.808937 0.000000 -0.587895 1.000000 1.000000 1.000000
1151.736328 0.000000 1426.707764 0.000000 0.668959 0.000000 -0.743299 1.000000 1.000000 1.000000
1168.932861 0.000000 1433.303345 0.000000 0.723261 0.000000 0.690575 1.000000 1.000000 1.000000
1167.079712 0.000000 1429.403687 0.000000 0.982521 0.000000 0.186152 1.000000 1.000000 1.000000
1167.257080 0.000000 1413.015869 0.000000 0.476939 0.000000 -0.878936 1.000000 1.000000 1.000000
1182.870728 0.000000 1427.379639 0.000000 0.933068 0.000000 -0.359699 1.000000 1.000000 1.000000
1168.049561 0.000000 1415.011108 0.000000 0.306597 0.000000 0.951840 1.000000 1.000000 1.000000
1166.764404 0.000000 1427.093384 0.000000 0.073709 0.000000 0.997280 1.000000 1.000000 1.000000
1168.588745 0.000000 1430.782959 0.000000 0.561398 0.000000 -0.827546 1.000000 1.000000 1.000000
1171.332764 0.000000 1431.655151 0.000000 0.357288 0.000000 -0.933994 1.000000 1.000000 1.000000
1153.088867 0.000000 1427.325317 0.000000 0.722008 0.000000 0.691884 1.000000 1.000000 1.000000
1194.192627 0.000000 1436.828369 0.000000 0.858283 0.000000 0.513176 1.000000 1.000000 1.000000
1184.699341 0.000000 1428.812500 0.000000 0.962729 0.000000 -0.270470 1.000000 1.000000 1.000000
1199.365967 0.000000 1435.272461 0.000000 0.997622 0.000000 0.068917 1.000000 1.000000 1.000000
1213.936768 0.000000 1429.211426 0.000000 0.167467 0.000000 -0.985878 1.000000 1.000000 1.000000
1204.480469 0.000000 1415.515259 0.000000 0.895437 0.000000 -0.445188 1.000000 1.000000 1.000000
1201.471558 0.000000 1412.882080 0.000000 0.225668 0.000000 -0.974204 1.000000 1.000000 1.000000
1198.097168 0.000000 1414.964722 0.000000 0.404393 0.000000 -0.914586 1.000000 1.000000 1.000000
1210.045410 0.000000 1430.466064 0.000000 0.655332 0.000000 0.755341 1.000000 1.000000 1.000000
1197.963013 0.000000 1438.789673 0.000000 0.997437 0.000000 -0.071555 1.000000 1.000000 1.000000
1212.055298 0.000000 1427.105225 0.000000 0.329138 0.000000 0.944282 1.000000 1.000000 1.000000
1200.835815 0.000000 1437.879639 0.000000 0.500459 0.000000 -0.865760 1.000000 1.000000 1.000000
1201.854614 0.000000 1415.584229 0.000000 0.349321 0.000000 0.937003 1.000000 1.000000 1.000000
1206.995728 0.000000 1415.974487 0.000000 0.150982 0.000000 -0.988537 1.000000 1.000000 1.000000
1206.026245 0.000000 1413.638794 0.000000 0.999990 0.000000 -0.004575 1.000000 1.000000 1.000000
1212.542969 0.000000 1431.153809 0.000000 0.962430 0.000000 -0.271529 1.000000 1.000000 1.000000
1183.728516 0.000000 1426.707764 0.000000 0.753261 0.000000 0.657721 1.000000 1.000000 1.000000
1199.249268 0.000000 1413.015869 0.000000 0.188904 0.000000 0.981996 1.000000 1.000000 1.000000
1200.041748 0.000000 1415.011108 0.000000 0.374898 0.000000 -0.927066 1.000000 1.000000 1.000000
1194.951172 0.000000 1438.658691 0.000000 0.971921 0.000000 0.235309 1.000000 1.000000 1.000000
1198.066040 0.000000 1436.651733 0.000000 0.135541 0.000000 -0.990772 1.000000 1.000000 1.000000
1201.164062 0.000000 1435.152100 0.000000 0.633273 0.000000 0.773929 1.000000 1.000000 1.000000
1154.499634 0.000000 1468.567749 0.000000 0.487569 0.000000 0.873085 1.000000 1.000000 1.000000
1154.509644 0.000000 1471.256104 0.000000 0.704472 0.000000 -0.709732 1.000000 1.000000 1.000000
1188.550293 0.000000 1444.416870 0.000000 0.504720 0.000000 0.863283 1.000000 1.000000 1.000000
1194.498779 0.000000 1439.472046 0.000000 0.930683 0.000000 0.365826 1.000000 1.000000 1.000000
1193.531128 0.000000 1443.806030 0.000000 0.220042 0.000000 0.975490 1.000000 1.000000 1.000000
1188.113403 0.000000 1449.457275 0.000000 0.396582 0.000000 -0.917999 1.000000 1.000000 1.000000
1192.008423 0.000000 1441.172119 0.000000 0.977613 0.000000 0.210409 1.000000 1.000000 1.000000
1189.641357 0.000000 1447.007935 0.000000 0.272977 0.000000 -0.962021 1.000000 1.000000 1.000000
1195.452026 0.000000 1441.946045 0.000000 0.836041 0.000000 -0.548667 1.000000 1.000000 1.000000
1191.081909 0.000000 1444.876587 0.000000 0.172044 0.000000 -0.985089 1.000000 1.000000 1.000000
1189.296387 0.000000 1451.828369 0.000000 0.123284 0.000000 -0.992371 1.000000 1.000000 1.000000
1190.511353 0.000000 1449.684937 0.000000 0.894335 0.000000 0.447398 1.000000 1.000000 1.000000
1192.899170 0.000000 1445.947876 0.000000 0.046853 0.000000 -0.998902 1.000000 1.000000 1.000000
1192.476807 0.000000 1439.297974 0.000000 0.775442 0.000000 0.631419 1.000000 1.000000 1.000000
1191.733032 0.000000 1443.072388 0.000000 0.803067 0.000000 -0.595889 1.000000 1.000000 1.000000
1193.893433 0.000000 1441.109985 0.000000 0.649374 0.000000 -0.760469 1.000000 1.000000 1.000000
1189.600830 0.000000 1448.531372 0.000000 0.794748 0.000000 -0.606940 1.000000 1.000000 1.000000
1216.454712 0.000000 1415.237427 0.000000 0.600967 0.000000 -0.799274 1.000000 1.000000 1.000000
1221.388916 0.000000 1426.211304 0.000000 0.671505 0.000000 0.741000 1.000000 1.000000 1.000000
1222.416382 0.000000 1435.529541 0.000000 0.609825 0.000000 -0.792536 1.000000 1.000000 1.000000
1216.864258 0.000000 1412.040771 0.000000 0.689141 0.000000 0.724627 1.000000 1.000000 1.000000
1219.117310 0.000000 1414.761108 0.000000 0.128550 0.000000 0.991703 1.000000 1.000000 1.000000
1223.386597 0.000000 1427.636963 0.000000 0.793227 0.000000 0.608926 1.000000 1.000000 1.000000
1220.333374 0.000000 1434.718994 0.000000 0.145375 0.000000 -0.989377 1.000000 1.000000 1.000000
1218.699097 0.000000 1412.895752 0.000000 0.985786 0.000000 -0.168005 1.000000 1.000000 1.000000
1223.593384 0.000000 1425.756592 0.000000 0.394641 0.000000 -0.918835 1.000000 1.000000 1.000000
1222.515015 0.000000 1437.313232 0.000000 0.987517 0.000000 -0.157514 1.000000 1.000000 1.000000
1217.376099 0.000000 1413.840942 0.000000 0.041842 0.000000 0.999124 1.000000 1.000000 1.000000
1223.431763 0.000000 1434.364990 0.000000 0.455069 0.000000 0.890456 1.000000 1.000000 1.000000
1152.470337 0.000000 1479.206177 0.000000 0.988812 0.000000 0.149169 1.000000 1.000000 1.000000
1171.878418 0.000000 1502.242188 0.000000 0.727116 0.000000 0.686515 1.000000 1.000000 1.000000
1151.907593 0.000000 1472.925659 0.000000 0.017009 0.000000 0.999855 1.000000 1.000000 1.000000
1176.897583 0.000000 1501.470093 0.000000 0.992183 0.000000 0.124795 1.000000 1.000000 1.000000
1152.076172 0.000000 1488.359131 0.000000 0.649092 0.000000 0.760710 1.000000 1.000000 1.000000
1152.879883 0.000000 1476.009521 0.000000 0.912328 0.000000 -0.409460 1.000000 1.000000 1.000000
1155.114868 0.000000 1473.622803 0.000000 0.775302 0.000000 -0.631591 1.000000 1.000000 1.000000
1174.190552 0.000000 1500.385010 0.000000 0.109206 0.000000 0.994019 1.000000 1.000000 1.000000
1155.132935 0.000000 1478.729858 0.000000 0.931140 0.000000 0.364662 1.000000 1.000000 1.000000
1153.100342 0.000000 1486.047852 0.000000 0.259395 0.000000 -0.965771 1.000000 1.000000 1.000000
1170.709839 0.000000 1499.984619 0.000000 0.867982 0.000000 -0.496595 1.000000 1.000000 1.000000
1153.805420 0.000000 1471.906128 0.000000 0.841507 0.000000 -0.540246 1.000000 1.000000 1.000000
1172.564087 0.000000 1499.054443 0.000000 0.592507 0.000000 0.805565 1.000000 1.000000 1.000000
1178.710938 0.000000 1502.306885 0.000000 0.282172 0.000000 0.959364 1.000000 1.000000 1.000000
1153.927368 0.000000 1487.784912 0.000000 0.999467 0.000000 0.032638 1.000000 1.000000 1.000000
1177.143188 0.000000 1503.261108 0.000000 0.393661 0.000000 0.919256 1.000000 1.000000 1.000000
1155.762573 0.000000 1471.948242 0.000000 0.574505 0.000000 0.818501 1.000000 1.000000 1.000000
1153.391724 0.000000 1477.809692 0.000000 0.172886 0.000000 0.984942 1.000000 1.000000 1.000000
1172.338501 0.000000 1500.738281 0.000000 0.710751 0.000000 0.703444 1.000000 1.000000 1.000000
1152.903442 0.000000 1489.671631 0.000000 0.869163 0.000000 0.494526 1.000000 1.000000 1.000000
1162.200439 0.000000 1532.781494 0.000000 0.229644 0.000000 0.973275 1.000000 1.000000 1.000000
1179.242920 0.000000 1503.641846 0.000000 0.999923 0.000000 0.012418 1.000000 1.000000 1.000000
1158.432007 0.000000 1531.482666 0.000000 0.951359 0.000000 0.308084 1.000000 1.000000 1.000000
1175.491943 0.000000 1503.977783 0.000000 0.991108 0.000000 -0.133062 1.000000 1.000000 1.000000
1160.758301 0.000000 1529.481079 0.000000 0.809270 0.000000 -0.587437 1.000000 1.000000 1.000000
1158.709961 0.000000 1528.088989 0.000000 0.937011 0.000000 0.349299 1.000000 1.000000 1.000000
1160.406128 0.000000 1531.916626 0.000000 0.661539 0.000000 -0.749911 1.000000 1.000000 1.000000
1159.447388 0.000000 1530.318115 0.000000 0.758914 0.000000 0.651191 1.000000 1.000000 1.000000
1203.183960 0.000000 1529.453247 0.000000 0.983941 0.000000 -0.178494 1.000000 1.000000 1.000000
1202.702026 0.000000 1531.968994 0.000000 0.310464 0.000000 0.950585 1.000000 1.000000 1.000000
1204.556274 0.000000 1531.038818 0.000000 0.439547 0.000000 -0.898219 1.000000 1.000000 1.000000
1085.968018 0.000000 1653.102051 0.000000 0.612725 0.000000 0.790296 1.000000 1.000000 1.000000
1082.076660 0.000000 1654.356689 0.000000 0.563986 0.000000 -0.825784 1.000000 1.000000 1.000000
1084.086548 0.000000 1650.995850 0.000000 0.998676 0.000000 0.051444 1.000000 1.000000 1.000000
1084.574219 0.000000 1655.044434 0.000000 0.089885 0.000000 0.995952 1.000000 1.000000 1.000000
1083.883667 0.000000 1653.076416 0.000000 0.967079 0.000000 0.254477 1.000000 1.000000 1.000000
1084.499390 0.000000 1662.362793 0.000000 0.262729 0.000000 -0.964870 1.000000 1.000000 1.000000
1098.216064 0.000000 1660.718994 0.000000 0.396145 0.000000 -0.918188 1.000000 1.000000 1.000000
1106.333984 0.000000 1654.155884 0.000000 0.152313 0.000000 0.988332 1.000000 1.000000 1.000000
1118.006958 0.000000 1661.556152 0.000000 0.242611 0.000000 -0.970124 1.000000 1.000000 1.000000
1092.014771 0.000000 1656.130859 0.000000 0.406344 0.000000 0.913720 1.000000 1.000000 1.000000
1094.447632 0.000000 1659.420166 0.000000 0.991912 0.000000 -0.126924 1.000000 1.000000 1.000000
1097.545776 0.000000 1650.307495 0.000000 0.789613 0.000000 -0.613605 1.000000 1.000000 1.000000
1114.068848 0.000000 1654.356689 0.000000 0.335777 0.000000 0.941942 1.000000 1.000000 1.000000
1101.986450 0.000000 1662.680298 0.000000 0.446852 0.000000 -0.894608 1.000000 1.000000 1.000000
1107.207397 0.000000 1657.390747 0.000000 0.986106 0.000000 0.166117 1.000000 1.000000 1.000000
1098.765381 0.000000 1653.508545 0.000000 0.554846 0.000000 -0.831953 1.000000 1.000000 1.000000
1109.037354 0.000000 1655.114380 0.000000 0.683784 0.000000 -0.729685 1.000000 1.000000 1.000000
1090.190308 0.000000 1657.906860 0.000000 0.471586 0.000000 0.881820 1.000000 1.000000 1.000000
1113.667480 0.000000 1652.050781 0.000000 0.424416 0.000000 0.905467 1.000000 1.000000 1.000000
1092.364624 0.000000 1658.609619 0.000000 0.342360 0.000000 0.939569 1.000000 1.000000 1.000000
1108.412720 0.000000 1652.959229 0.000000 0.144329 0.000000 0.989530 1.000000 1.000000 1.000000
1097.507446 0.000000 1648.261719 0.000000 0.674648 0.000000 -0.738140 1.000000 1.000000 1.000000
1115.875854 0.000000 1653.076416 0.000000 0.414465 0.000000 -0.910065 1.000000 1.000000 1.000000
1099.237427 0.000000 1651.467285 0.000000 0.790117 0.000000 0.612956 1.000000 1.000000 1.000000
1114.726562 0.000000 1662.228760 0.000000 0.541080 0.000000 -0.840971 1.000000 1.000000 1.000000
1098.974609 0.000000 1662.549316 0.000000 0.718172 0.000000 0.695866 1.000000 1.000000 1.000000
1112.446777 0.000000 1653.450073 0.000000 0.706160 0.000000 -0.708053 1.000000 1.000000 1.000000
1093.987915 0.000000 1657.641235 0.000000 0.999080 0.000000 -0.042897 1.000000 1.000000 1.000000
1107.348389 0.000000 1655.545776 0.000000 0.497331 0.000000 -0.867561 1.000000 1.000000 1.000000
1116.491577 0.000000 1662.362793 0.000000 0.354615 0.000000 -0.935012 1.000000 1.000000 1.000000
1115.167480 0.000000 1655.516479 0.000000 0.968298 0.000000 -0.249796 1.000000 1.000000 1.000000
1120.714966 0.000000 1652.703125 0.000000 0.211039 0.000000 0.977478 1.000000 1.000000 1.000000
1124.006958 0.000000 1656.130859 0.000000 0.658260 0.000000 0.752791 1.000000 1.000000 1.000000
1126.439819 0.000000 1659.420166 0.000000 0.563151 0.000000 0.826354 1.000000 1.000000 1.000000
1123.854858 0.000000 1652.943604 0.000000 0.144824 0.000000 0.989457 1.000000 1.000000 1.000000
1119.778198 0.000000 1661.731567 0.000000 0.921681 0.000000 -0.387949 1.000000 1.000000 1.000000
1124.907104 0.000000 1662.044678 0.000000 0.923778 0.000000 0.382928 1.000000 1.000000 1.000000
1127.913940 0.000000 1662.264404 0.000000 0.999795 0.000000 -0.020246 1.000000 1.000000 1.000000
1122.182495 0.000000 1657.906860 0.000000 0.996063 0.000000 0.088651 1.000000 1.000000 1.000000
1121.855469 0.000000 1654.877563 0.000000 0.990866 0.000000 -0.134847 1.000000 1.000000 1.000000
1126.717773 0.000000 1656.026489 0.000000 0.867553 0.000000 -0.497346 1.000000 1.000000 1.000000
1125.755249 0.000000 1654.024170 0.000000 0.673429 0.000000 0.739252 1.000000 1.000000 1.000000
1125.980103 0.000000 1657.641235 0.000000 0.291430 0.000000 -0.956592 1.000000 1.000000 1.000000
1122.360962 0.000000 1652.034546 0.000000 0.152205 0.000000 0.988349 1.000000 1.000000 1.000000
1123.517944 0.000000 1654.521240 0.000000 0.770188 0.000000 -0.637817 1.000000 1.000000 1.000000
1156.558105 0.000000 1540.369995 0.000000 0.681484 0.000000 0.731834 1.000000 1.000000 1.000000
1181.991333 0.000000 1565.603027 0.000000 0.694293 0.000000 -0.719692 1.000000 1.000000 1.000000
1159.089722 0.000000 1540.829712 0.000000 0.611608 0.000000 0.791161 1.000000 1.000000 1.000000
1157.771851 0.000000 1538.050903 0.000000 0.993887 0.000000 0.110399 1.000000 1.000000 1.000000
1159.740845 0.000000 1539.025513 0.000000 0.906993 0.000000 0.421146 1.000000 1.000000 1.000000
1156.330933 0.000000 1538.697510 0.000000 0.492929 0.000000 0.870070 1.000000 1.000000 1.000000
1157.963135 0.000000 1539.681152 0.000000 0.152715 0.000000 -0.988270 1.000000 1.000000 1.000000
1186.491821 0.000000 1564.520874 0.000000 0.998238 0.000000 -0.059342 1.000000 1.000000 1.000000
1213.342773 0.000000 1548.542236 0.000000 0.901155 0.000000 -0.433497 1.000000 1.000000 1.000000
1204.480469 0.000000 1543.452759 0.000000 0.979708 0.000000 -0.200428 1.000000 1.000000 1.000000
1211.394287 0.000000 1545.511353 0.000000 0.835446 0.000000 0.549573 1.000000 1.000000 1.000000
1183.762573 0.000000 1565.778442 0.000000 0.999941 0.000000 -0.010859 1.000000 1.000000 1.000000
1209.934448 0.000000 1547.797119 0.000000 0.483027 0.000000 0.875606 1.000000 1.000000 1.000000
1206.995728 0.000000 1543.911987 0.000000 0.999955 0.000000 -0.009530 1.000000 1.000000 1.000000
1184.361450 0.000000 1563.515991 0.000000 0.798203 0.000000 -0.602389 1.000000 1.000000 1.000000
1203.827271 0.000000 1541.264648 0.000000 0.355967 0.000000 -0.934498 1.000000 1.000000 1.000000
1185.455811 0.000000 1565.891479 0.000000 0.988406 0.000000 0.151831 1.000000 1.000000 1.000000
1187.337402 0.000000 1565.890869 0.000000 0.992798 0.000000 -0.119799 1.000000 1.000000 1.000000
1211.323730 0.000000 1547.136597 0.000000 0.990727 0.000000 0.135868 1.000000 1.000000 1.000000
1182.539307 0.000000 1567.637695 0.000000 0.999851 0.000000 0.017264 1.000000 1.000000 1.000000
1182.757080 0.000000 1569.208252 0.000000 0.558583 0.000000 0.829448 1.000000 1.000000 1.000000
1202.384033 0.000000 1583.794800 0.000000 0.910466 0.000000 0.413583 1.000000 1.000000 1.000000
1183.899780 0.000000 1568.878784 0.000000 0.291063 0.000000 0.956704 1.000000 1.000000 1.000000
1199.177490 0.000000 1581.359619 0.000000 0.996728 0.000000 0.080833 1.000000 1.000000 1.000000
1201.257690 0.000000 1580.034790 0.000000 0.823465 0.000000 -0.567367 1.000000 1.000000 1.000000
1200.251709 0.000000 1583.359253 0.000000 0.545142 0.000000 0.838343 1.000000 1.000000 1.000000
1185.797607 0.000000 1567.859253 0.000000 0.997263 0.000000 0.073930 1.000000 1.000000 1.000000
1183.979370 0.000000 1567.307495 0.000000 0.947767 0.000000 -0.318963 1.000000 1.000000 1.000000
1200.714600 0.000000 1581.813477 0.000000 0.691460 0.000000 -0.722414 1.000000 1.000000 1.000000
1222.416382 0.000000 1563.467041 0.000000 0.074513 0.000000 0.997220 1.000000 1.000000 1.000000
1223.890503 0.000000 1566.311279 0.000000 0.243186 0.000000 -0.969980 1.000000 1.000000 1.000000
1222.515015 0.000000 1565.250732 0.000000 0.897060 0.000000 0.441908 1.000000 1.000000 1.000000
1221.395508 0.000000 1567.625977 0.000000 0.887291 0.000000 0.461209 1.000000 1.000000 1.000000
1220.542480 0.000000 1572.354370 0.000000 0.449182 0.000000 -0.893440 1.000000 1.000000 1.000000
1220.105591 0.000000 1577.394775 0.000000 0.161921 0.000000 0.986804 1.000000 1.000000 1.000000
1223.493896 0.000000 1583.703979 0.000000 0.884783 0.000000 0.466003 1.000000 1.000000 1.000000
1218.383789 0.000000 1579.393555 0.000000 0.950556 0.000000 -0.310555 1.000000 1.000000 1.000000
1221.288574 0.000000 1579.765869 0.000000 0.992434 0.000000 0.122778 1.000000 1.000000 1.000000
1221.756226 0.000000 1570.035278 0.000000 0.855818 0.000000 -0.517277 1.000000 1.000000 1.000000
1222.005615 0.000000 1582.046753 0.000000 0.974197 0.000000 -0.225700 1.000000 1.000000 1.000000
1225.476196 0.000000 1584.292969 0.000000 0.618696 0.000000 -0.785631 1.000000 1.000000 1.000000
1218.699097 0.000000 1572.817627 0.000000 0.154487 0.000000 0.987995 1.000000 1.000000 1.000000
1218.449341 0.000000 1576.392090 0.000000 0.678696 0.000000 -0.734419 1.000000 1.000000 1.000000
1220.315308 0.000000 1570.681885 0.000000 0.938864 0.000000 0.344288 1.000000 1.000000 1.000000
1221.947510 0.000000 1571.665527 0.000000 0.057429 0.000000 0.998350 1.000000 1.000000 1.000000
1220.446777 0.000000 1573.875122 0.000000 0.921321 0.000000 -0.388802 1.000000 1.000000 1.000000
1221.593018 0.000000 1576.468872 0.000000 0.778239 0.000000 -0.627968 1.000000 1.000000 1.000000
1271.832520 0.000000 1578.202271 0.000000 0.552068 0.000000 0.833799 1.000000 1.000000 1.000000
1276.012817 0.000000 1593.404907 0.000000 0.204224 0.000000 0.978924 1.000000 1.000000 1.000000
1266.294922 0.000000 1590.187134 0.000000 0.995051 0.000000 0.099369 1.000000 1.000000 1.000000
1277.327148 0.000000 1580.526611 0.000000 0.990674 0.000000 0.136250 1.000000 1.000000 1.000000
1263.350342 0.000000 1595.194336 0.000000 0.945741 0.000000 -0.324922 1.000000 1.000000 1.000000
1270.513428 0.000000 1593.455444 0.000000 0.500886 0.000000 -0.865514 1.000000 1.000000 1.000000
1270.638306 0.000000 1588.878906 0.000000 0.977601 0.000000 0.210467 1.000000 1.000000 1.000000
1274.029785 0.000000 1590.387939 0.000000 0.847325 0.000000 0.531075 1.000000 1.000000 1.000000
1275.378662 0.000000 1577.495728 0.000000 0.155578 0.000000 0.987824 1.000000 1.000000 1.000000
1263.042480 0.000000 1591.561646 0.000000 0.994045 0.000000 -0.108967 1.000000 1.000000 1.000000
1274.452637 0.000000 1582.341309 0.000000 0.186066 0.000000 -0.982537 1.000000 1.000000 1.000000
1267.168335 0.000000 1593.421997 0.000000 0.816496 0.000000 -0.577351 1.000000 1.000000 1.000000
1252.875854 0.000000 1598.075928 0.000000 0.985674 0.000000 0.168660 1.000000 1.000000 1.000000
1268.998291 0.000000 1591.145630 0.000000 0.783246 0.000000 0.621712 1.000000 1.000000 1.000000
1250.486206 0.000000 1599.193604 0.000000 0.903705 0.000000 -0.428156 1.000000 1.000000 1.000000
1273.918823 0.000000 1579.781494 0.000000 0.857743 0.000000 -0.514078 1.000000 1.000000 1.000000
1276.844238 0.000000 1583.224121 0.000000 0.016998 0.000000 -0.999856 1.000000 1.000000 1.000000
1271.814819 0.000000 1591.327637 0.000000 0.981579 0.000000 -0.191059 1.000000 1.000000 1.000000
1264.909424 0.000000 1593.225220 0.000000 0.473435 0.000000 0.880829 1.000000 1.000000 1.000000
1268.373657 0.000000 1588.990479 0.000000 0.605842 0.000000 -0.795585 1.000000 1.000000 1.000000
1273.220215 0.000000 1576.595703 0.000000 0.128597 0.000000 0.991697 1.000000 1.000000 1.000000
1277.284546 0.000000 1595.008057 0.000000 0.664793 0.000000 -0.747028 1.000000 1.000000 1.000000
1273.947510 0.000000 1592.500732 0.000000 0.520175 0.000000 -0.854060 1.000000 1.000000 1.000000
1275.501709 0.000000 1580.809448 0.000000 0.851561 0.000000 0.524255 1.000000 1.000000 1.000000
1272.330933 0.000000 1593.006226 0.000000 0.104857 0.000000 -0.994487 1.000000 1.000000 1.000000
1270.387207 0.000000 1590.425293 0.000000 0.983143 0.000000 0.182837 1.000000 1.000000 1.000000
1270.263184 0.000000 1591.960205 0.000000 0.994052 0.000000 0.108908 1.000000 1.000000 1.000000
1275.128418 0.000000 1591.547729 0.000000 0.367831 0.000000 -0.929893 1.000000 1.000000 1.000000
1274.193115 0.000000 1593.672363 0.000000 0.716596 0.000000 -0.697489 1.000000 1.000000 1.000000
1213.936768 0.000000 1621.117676 0.000000 0.894608 0.000000 -0.446852 1.000000 1.000000 1.000000
1214.342896 0.000000 1617.289551 0.000000 0.817933 0.000000 0.575314 1.000000 1.000000 1.000000
1212.055298 0.000000 1619.011475 0.000000 0.891704 0.000000 -0.452619 1.000000 1.000000 1.000000
1212.859863 0.000000 1615.208496 0.000000 0.996555 0.000000 -0.082930 1.000000 1.000000 1.000000
1214.715698 0.000000 1614.164917 0.000000 0.366199 0.000000 -0.930537 1.000000 1.000000 1.000000
1214.862915 0.000000 1619.285889 0.000000 0.978915 0.000000 0.204268 1.000000 1.000000 1.000000
1214.501465 0.000000 1615.755005 0.000000 0.186225 0.000000 0.982507 1.000000 1.000000 1.000000
1213.504761 0.000000 1618.563354 0.000000 0.500212 0.000000 0.865903 1.000000 1.000000 1.000000
1194.192627 0.000000 1660.718994 0.000000 0.806419 0.000000 -0.591344 1.000000 1.000000 1.000000
1195.196167 0.000000 1646.914429 0.000000 0.278854 0.000000 -0.960334 1.000000 1.000000 1.000000
1197.193848 0.000000 1652.100220 0.000000 0.945301 0.000000 0.326199 1.000000 1.000000 1.000000
1195.544800 0.000000 1656.404541 0.000000 0.996803 0.000000 0.079903 1.000000 1.000000 1.000000
1199.066650 0.000000 1649.102417 0.000000 0.302858 0.000000 -0.953036 1.000000 1.000000 1.000000
1199.058105 0.000000 1655.530396 0.000000 0.834629 0.000000 -0.550812 1.000000 1.000000 1.000000
1192.750488 0.000000 1657.418579 0.000000 0.998766 0.000000 0.049666 1.000000 1.000000 1.000000
1196.561401 0.000000 1659.092163 0.000000 0.998327 0.000000 0.057814 1.000000 1.000000 1.000000
1196.412720 0.000000 1649.563232 0.000000 0.774675 0.000000 -0.632360 1.000000 1.000000 1.000000
1197.495239 0.000000 1647.323486 0.000000 0.706421 0.000000 -0.707792 1.000000 1.000000 1.000000
1196.835693 0.000000 1654.389771 0.000000 0.965309 0.000000 -0.261109 1.000000 1.000000 1.000000
1199.071899 0.000000 1653.294312 0.000000 0.993617 0.000000 0.112806 1.000000 1.000000 1.000000
1194.594849 0.000000 1658.369385 0.000000 0.998454 0.000000 -0.055577 1.000000 1.000000 1.000000
1192.398315 0.000000 1659.854126 0.000000 0.764929 0.000000 -0.644115 1.000000 1.000000 1.000000
1197.182007 0.000000 1655.947388 0.000000 0.227641 0.000000 0.973745 1.000000 1.000000 1.000000
1196.167114 0.000000 1648.106323 0.000000 0.464226 0.000000 -0.885717 1.000000 1.000000 1.000000
1195.224854 0.000000 1659.689697 0.000000 0.745015 0.000000 0.667047 1.000000 1.000000 1.000000
1234.302734 0.000000 1622.171509 0.000000 0.620924 0.000000 -0.783871 1.000000 1.000000 1.000000
1235.862793 0.000000 1630.179688 0.000000 0.681073 0.000000 0.732216 1.000000 1.000000 1.000000
1244.905762 0.000000 1605.980347 0.000000 0.481935 0.000000 0.876207 1.000000 1.000000 1.000000
1229.186035 0.000000 1620.115845 0.000000 0.998908 0.000000 -0.046723 1.000000 1.000000 1.000000
1216.060547 0.000000 1616.296631 0.000000 0.268106 0.000000 0.963389 1.000000 1.000000 1.000000
1245.532471 0.000000 1602.407104 0.000000 0.374391 0.000000 -0.927271 1.000000 1.000000 1.000000
1231.050293 0.000000 1623.546021 0.000000 0.980459 0.000000 0.196726 1.000000 1.000000 1.000000
1242.142944 0.000000 1602.867920 0.000000 0.600756 0.000000 -0.799433 1.000000 1.000000 1.000000
1246.414917 0.000000 1609.626831 0.000000 0.932624 0.000000 0.360850 1.000000 1.000000 1.000000
1246.783569 0.000000 1624.755371 0.000000 0.189670 0.000000 0.981848 1.000000 1.000000 1.000000
1232.828003 0.000000 1629.785889 0.000000 0.905223 0.000000 -0.424937 1.000000 1.000000 1.000000
1228.553589 0.000000 1627.107788 0.000000 0.833010 0.000000 -0.553258 1.000000 1.000000 1.000000
1237.006104 0.000000 1623.130005 0.000000 0.999995 0.000000 0.003274 1.000000 1.000000 1.000000
1247.379272 0.000000 1627.246704 0.000000 0.791729 0.000000 0.610872 1.000000 1.000000 1.000000
1234.694214 0.000000 1627.922119 0.000000 0.380773 0.000000 0.924669 1.000000 1.000000 1.000000
1215.720703 0.000000 1618.614014 0.000000 0.008819 0.000000 -0.999961 1.000000 1.000000 1.000000
1236.381470 0.000000 1620.974854 0.000000 0.861589 0.000000 -0.507607 1.000000 1.000000 1.000000
1231.064087 0.000000 1621.309937 0.000000 0.415421 0.000000 -0.909629 1.000000 1.000000 1.000000
1228.301392 0.000000 1629.251831 0.000000 0.457186 0.000000 -0.889371 1.000000 1.000000 1.000000
1243.048706 0.000000 1604.849731 0.000000 0.104223 0.000000 0.994554 1.000000 1.000000 1.000000
1244.751831 0.000000 1608.113037 0.000000 0.925615 0.000000 0.378466 1.000000 1.000000 1.000000
1244.879150 0.000000 1610.685181 0.000000 0.766054 0.000000 -0.642777 1.000000 1.000000 1.000000
1247.029541 0.000000 1611.372559 0.000000 0.831960 0.000000 -0.554835 1.000000 1.000000 1.000000
1234.341431 0.000000 1620.352661 0.000000 0.972505 0.000000 -0.232880 1.000000 1.000000 1.000000
1232.573120 0.000000 1622.689209 0.000000 0.459416 0.000000 -0.888221 1.000000 1.000000 1.000000
1235.317139 0.000000 1623.561401 0.000000 0.798786 0.000000 -0.601615 1.000000 1.000000 1.000000
1215.741089 0.000000 1614.751831 0.000000 0.915201 0.000000 -0.402998 1.000000 1.000000 1.000000
1233.776367 0.000000 1623.699585 0.000000 0.325023 0.000000 0.945706 1.000000 1.000000 1.000000
1245.014771 0.000000 1604.461792 0.000000 0.998463 0.000000 -0.055418 1.000000 1.000000 1.000000
1247.643799 0.000000 1608.723267 0.000000 0.130985 0.000000 -0.991384 1.000000 1.000000 1.000000
1248.446899 0.000000 1607.143677 0.000000 0.572090 0.000000 -0.820191 1.000000 1.000000 1.000000
1276.012817 0.000000 1625.389282 0.000000 0.398624 0.000000 -0.917115 1.000000 1.000000 1.000000
1253.387695 0.000000 1599.610352 0.000000 0.248351 0.000000 0.968670 1.000000 1.000000 1.000000
1273.541626 0.000000 1617.630737 0.000000 0.174474 0.000000 -0.984662 1.000000 1.000000 1.000000
1267.854980 0.000000 1630.179688 0.000000 0.918547 0.000000 0.395311 1.000000 1.000000 1.000000
1255.914917 0.000000 1621.891846 0.000000 0.770537 0.000000 -0.637395 1.000000 1.000000 1.000000
1266.368408 0.000000 1615.779175 0.000000 0.695760 0.000000 0.718274 1.000000 1.000000 1.000000
1277.327148 0.000000 1612.510986 0.000000 0.585191 0.000000 -0.810895 1.000000 1.000000 1.000000
1252.534668 0.000000 1604.338745 0.000000 0.843037 0.000000 -0.537856 1.000000 1.000000 1.000000
1253.381104 0.000000 1618.117554 0.000000 0.998644 0.000000 -0.052057 1.000000 1.000000 1.000000
1247.811157 0.000000 1611.653931 0.000000 0.640112 0.000000 -0.768282 1.000000 1.000000 1.000000
1247.946289 0.000000 1624.770508 0.000000 0.083867 0.000000 -0.996477 1.000000 1.000000 1.000000
1278.327271 0.000000 1617.289551 0.000000 0.207179 0.000000 0.978303 1.000000 1.000000 1.000000
1274.029785 0.000000 1622.372314 0.000000 0.868630 0.000000 -0.495461 1.000000 1.000000 1.000000
1267.615845 0.000000 1618.932861 0.000000 0.087438 0.000000 -0.996170 1.000000 1.000000 1.000000
1274.452637 0.000000 1614.325684 0.000000 0.267634 0.000000 0.963521 1.000000 1.000000 1.000000
1251.091431 0.000000 1601.560303 0.000000 0.018312 0.000000 0.999832 1.000000 1.000000 1.000000
1264.820190 0.000000 1629.785889 0.000000 0.013878 0.000000 0.999904 1.000000 1.000000 1.000000
1253.625732 0.000000 1606.929810 0.000000 0.997539 0.000000 -0.070111 1.000000 1.000000 1.000000
1251.109497 0.000000 1606.667358 0.000000 0.916601 0.000000 0.399802 1.000000 1.000000 1.000000
1255.378784 0.000000 1619.543213 0.000000 0.779184 0.000000 -0.626795 1.000000 1.000000 1.000000
1276.527344 0.000000 1623.060059 0.000000 0.064799 0.000000 -0.997898 1.000000 1.000000 1.000000
1268.273438 0.000000 1614.291504 0.000000 0.093223 0.000000 0.995645 1.000000 1.000000 1.000000
1248.345825 0.000000 1627.484741 0.000000 0.399449 0.000000 0.916755 1.000000 1.000000 1.000000
1272.643921 0.000000 1615.556885 0.000000 0.701352 0.000000 0.712815 1.000000 1.000000 1.000000
1278.700073 0.000000 1614.164917 0.000000 0.589651 0.000000 0.807658 1.000000 1.000000 1.000000
1249.781982 0.000000 1599.843628 0.000000 0.966302 0.000000 0.257410 1.000000 1.000000 1.000000
1268.401001 0.000000 1616.430298 0.000000 0.836380 0.000000 -0.548150 1.000000 1.000000 1.000000
1278.847290 0.000000 1619.285889 0.000000 0.952703 0.000000 -0.303902 1.000000 1.000000 1.000000
1272.543091 0.000000 1613.406128 0.000000 0.888201 0.000000 0.459455 1.000000 1.000000 1.000000
1250.691284 0.000000 1604.802002 0.000000 0.434054 0.000000 0.900887 1.000000 1.000000 1.000000
1255.585571 0.000000 1617.662842 0.000000 0.246612 0.000000 0.969114 1.000000 1.000000 1.000000
1275.501709 0.000000 1612.793823 0.000000 0.957695 0.000000 0.287786 1.000000 1.000000 1.000000
1251.739136 0.000000 1599.885742 0.000000 0.925093 0.000000 0.379741 1.000000 1.000000 1.000000
1266.302124 0.000000 1630.204712 0.000000 0.197660 0.000000 -0.980271 1.000000 1.000000 1.000000
1267.168091 0.000000 1617.507202 0.000000 0.751078 0.000000 -0.660213 1.000000 1.000000 1.000000
1275.128418 0.000000 1623.532104 0.000000 0.819794 0.000000 0.572659 1.000000 1.000000 1.000000
1248.655640 0.000000 1626.046143 0.000000 0.870193 0.000000 0.492710 1.000000 1.000000 1.000000
1229.886597 0.000000 1635.032959 0.000000 0.457716 0.000000 -0.889098 1.000000 1.000000 1.000000
1234.302734 0.000000 1654.155884 0.000000 0.407252 0.000000 -0.913316 1.000000 1.000000 1.000000
1245.334961 0.000000 1644.495361 0.000000 0.669789 0.000000 0.742552 1.000000 1.000000 1.000000
1233.450317 0.000000 1631.482544 0.000000 0.183828 0.000000 -0.982958 1.000000 1.000000 1.000000
1245.975708 0.000000 1661.556152 0.000000 0.993096 0.000000 0.117305 1.000000 1.000000 1.000000
1240.881958 0.000000 1661.391968 0.000000 0.669219 0.000000 -0.743065 1.000000 1.000000 1.000000
1246.335083 0.000000 1649.273926 0.000000 0.406299 0.000000 0.913740 1.000000 1.000000 1.000000
1235.176147 0.000000 1657.390747 0.000000 0.997427 0.000000 -0.071697 1.000000 1.000000 1.000000
1230.455200 0.000000 1632.062988 0.000000 0.773050 0.000000 -0.634345 1.000000 1.000000 1.000000
1237.006104 0.000000 1655.114380 0.000000 0.958156 0.000000 0.286246 1.000000 1.000000 1.000000
1243.527710 0.000000 1660.071289 0.000000 0.528111 0.000000 0.849175 1.000000 1.000000 1.000000
1244.852051 0.000000 1647.192871 0.000000 0.998058 0.000000 0.062296 1.000000 1.000000 1.000000
1246.707886 0.000000 1646.149292 0.000000 0.866230 0.000000 0.499645 1.000000 1.000000 1.000000
1242.695312 0.000000 1662.228760 0.000000 0.987059 0.000000 0.160358 1.000000 1.000000 1.000000
1234.341431 0.000000 1652.337036 0.000000 0.843755 0.000000 -0.536729 1.000000 1.000000 1.000000
1235.317139 0.000000 1655.545776 0.000000 0.931774 0.000000 -0.363038 1.000000 1.000000 1.000000
1246.493652 0.000000 1647.739380 0.000000 0.979901 0.000000 -0.199485 1.000000 1.000000 1.000000
1248.446899 0.000000 1639.128052 0.000000 0.998994 0.000000 -0.044853 1.000000 1.000000 1.000000
1266.294922 0.000000 1654.155884 0.000000 0.323271 0.000000 -0.946307 1.000000 1.000000 1.000000
1250.476196 0.000000 1660.473999 0.000000 0.176637 0.000000 -0.984276 1.000000 1.000000 1.000000
1270.513428 0.000000 1657.424194 0.000000 0.188362 0.000000 -0.982100 1.000000 1.000000 1.000000
1265.442505 0.000000 1631.482544 0.000000 0.313490 0.000000 0.949591 1.000000 1.000000 1.000000
1248.052734 0.000000 1648.281006 0.000000 0.933220 0.000000 -0.359306 1.000000 1.000000 1.000000
1270.638306 0.000000 1652.847656 0.000000 0.487447 0.000000 0.873153 1.000000 1.000000 1.000000
1252.097778 0.000000 1641.363525 0.000000 0.972855 0.000000 0.231416 1.000000 1.000000 1.000000
1264.526611 0.000000 1651.631836 0.000000 0.372187 0.000000 -0.928158 1.000000 1.000000 1.000000
1268.998291 0.000000 1655.114380 0.000000 0.747199 0.000000 0.664600 1.000000 1.000000 1.000000
1250.486206 0.000000 1663.162354 0.000000 0.894002 0.000000 -0.448062 1.000000 1.000000 1.000000
1250.375977 0.000000 1643.362305 0.000000 0.813002 0.000000 -0.582260 1.000000 1.000000 1.000000
1253.280762 0.000000 1643.734619 0.000000 0.672625 0.000000 0.739983 1.000000 1.000000 1.000000
1271.814819 0.000000 1655.296387 0.000000 0.989877 0.000000 -0.141926 1.000000 1.000000 1.000000
1268.373657 0.000000 1652.959229 0.000000 0.052049 0.000000 -0.998645 1.000000 1.000000 1.000000
1263.056274 0.000000 1653.294312 0.000000 0.984492 0.000000 -0.175430 1.000000 1.000000 1.000000
1262.740967 0.000000 1650.984009 0.000000 0.811152 0.000000 -0.584835 1.000000 1.000000 1.000000
1250.441528 0.000000 1640.360840 0.000000 0.531983 0.000000 0.846755 1.000000 1.000000 1.000000
1279.285034 0.000000 1634.654053 0.000000 0.979078 0.000000 -0.203487 1.000000 1.000000 1.000000
1251.321777 0.000000 1661.843994 0.000000 0.798398 0.000000 0.602129 1.000000 1.000000 1.000000
1247.733276 0.000000 1646.736206 0.000000 0.982847 0.000000 -0.184420 1.000000 1.000000 1.000000
1265.045288 0.000000 1653.272217 0.000000 0.711264 0.000000 0.702925 1.000000 1.000000 1.000000
1083.266357 0.000000 1663.563721 0.000000 0.149462 0.000000 0.988768 1.000000 1.000000 1.000000
1081.588501 0.000000 1681.599487 0.000000 0.218507 0.000000 0.975835 1.000000 1.000000 1.000000
1082.499512 0.000000 1678.294434 0.000000 0.582930 0.000000 -0.812522 1.000000 1.000000 1.000000
1084.086548 0.000000 1682.980225 0.000000 0.784229 0.000000 0.620471 1.000000 1.000000 1.000000
1086.562744 0.000000 1663.590820 0.000000 0.835753 0.000000 0.549106 1.000000 1.000000 1.000000
1084.891113 0.000000 1679.177246 0.000000 0.476207 0.000000 -0.879333 1.000000 1.000000 1.000000
1083.628418 0.000000 1680.828125 0.000000 0.000313 0.000000 1.000000 1.000000 1.000000 1.000000
1084.928101 0.000000 1664.171631 0.000000 0.986455 0.000000 0.164030 1.000000 1.000000 1.000000
1082.197998 0.000000 1680.089111 0.000000 0.733672 0.000000 0.679504 1.000000 1.000000 1.000000
1088.485962 0.000000 1671.112427 0.000000 0.310371 0.000000 0.950616 1.000000 1.000000 1.000000
1111.871582 0.000000 1674.155396 0.000000 0.921099 0.000000 0.389327 1.000000 1.000000 1.000000
1099.219604 0.000000 1678.898804 0.000000 0.431132 0.000000 0.902289 1.000000 1.000000 1.000000
1115.258545 0.000000 1663.563721 0.000000 0.180254 0.000000 -0.983620 1.000000 1.000000 1.000000
1091.817749 0.000000 1677.845215 0.000000 0.884680 0.000000 0.466198 1.000000 1.000000 1.000000
1117.366211 0.000000 1676.479736 0.000000 0.034627 0.000000 -0.999400 1.000000 1.000000 1.000000
1087.923218 0.000000 1664.831909 0.000000 0.988209 0.000000 -0.153108 1.000000 1.000000 1.000000
1098.522217 0.000000 1663.362671 0.000000 0.285712 0.000000 -0.958316 1.000000 1.000000 1.000000
1093.420166 0.000000 1682.086304 0.000000 0.458182 0.000000 -0.888858 1.000000 1.000000 1.000000
1088.091797 0.000000 1680.265381 0.000000 0.999852 0.000000 0.017224 1.000000 1.000000 1.000000
1100.242310 0.000000 1674.349731 0.000000 0.982452 0.000000 -0.186517 1.000000 1.000000 1.000000
1110.801514 0.000000 1678.326172 0.000000 0.479846 0.000000 -0.877353 1.000000 1.000000 1.000000
1095.836426 0.000000 1676.477051 0.000000 0.999161 0.000000 -0.040953 1.000000 1.000000 1.000000
1092.136841 0.000000 1673.347900 0.000000 0.333237 0.000000 0.942843 1.000000 1.000000 1.000000
1090.360840 0.000000 1682.198242 0.000000 0.069028 0.000000 -0.997615 1.000000 1.000000 1.000000
1118.554932 0.000000 1663.590820 0.000000 0.911332 0.000000 -0.411672 1.000000 1.000000 1.000000
1113.957886 0.000000 1675.734619 0.000000 0.996945 0.000000 0.078104 1.000000 1.000000 1.000000
1098.486206 0.000000 1676.315308 0.000000 0.972827 0.000000 -0.231532 1.000000 1.000000 1.000000
1090.415039 0.000000 1675.346680 0.000000 0.989949 0.000000 0.141422 1.000000 1.000000 1.000000
1093.319824 0.000000 1675.718994 0.000000 0.538239 0.000000 0.842792 1.000000 1.000000 1.000000
1091.148560 0.000000 1670.636108 0.000000 0.336960 0.000000 -0.941519 1.000000 1.000000 1.000000
1116.883301 0.000000 1679.177246 0.000000 0.068570 0.000000 0.997646 1.000000 1.000000 1.000000
1091.817505 0.000000 1680.274292 0.000000 0.623523 0.000000 -0.781805 1.000000 1.000000 1.000000
1100.827271 0.000000 1677.102783 0.000000 0.108954 0.000000 -0.994047 1.000000 1.000000 1.000000
1101.518677 0.000000 1679.307861 0.000000 0.521659 0.000000 -0.853154 1.000000 1.000000 1.000000
1118.738403 0.000000 1668.320557 0.000000 0.968902 0.000000 0.247444 1.000000 1.000000 1.000000
1110.443237 0.000000 1676.118408 0.000000 0.998370 0.000000 0.057065 1.000000 1.000000 1.000000
1118.621948 0.000000 1671.419189 0.000000 0.204258 0.000000 0.978917 1.000000 1.000000 1.000000
1118.739136 0.000000 1678.133667 0.000000 0.873347 0.000000 0.487099 1.000000 1.000000 1.000000
1112.582153 0.000000 1677.374878 0.000000 0.974152 0.000000 -0.225892 1.000000 1.000000 1.000000
1090.730347 0.000000 1668.770752 0.000000 0.951816 0.000000 -0.306670 1.000000 1.000000 1.000000
1091.953003 0.000000 1683.144897 0.000000 0.464882 0.000000 0.885373 1.000000 1.000000 1.000000
1116.920288 0.000000 1664.171631 0.000000 0.274317 0.000000 -0.961639 1.000000 1.000000 1.000000
1120.478149 0.000000 1671.112427 0.000000 0.802302 0.000000 -0.596918 1.000000 1.000000 1.000000
1125.418945 0.000000 1663.579102 0.000000 0.592762 0.000000 -0.805378 1.000000 1.000000 1.000000
1119.915405 0.000000 1664.831909 0.000000 0.431539 0.000000 -0.902094 1.000000 1.000000 1.000000
1119.842407 0.000000 1675.622681 0.000000 0.709042 0.000000 0.705166 1.000000 1.000000 1.000000
1125.779663 0.000000 1665.988403 0.000000 0.544793 0.000000 0.838571 1.000000 1.000000 1.000000
1119.789551 0.000000 1669.428345 0.000000 0.283744 0.000000 -0.958900 1.000000 1.000000 1.000000
1121.399536 0.000000 1669.715942 0.000000 0.995069 0.000000 0.099183 1.000000 1.000000 1.000000
1119.994995 0.000000 1663.260620 0.000000 0.969405 0.000000 0.245468 1.000000 1.000000 1.000000
1126.931519 0.000000 1663.969604 0.000000 0.988513 0.000000 0.151139 1.000000 1.000000 1.000000
1243.227295 0.000000 1663.563721 0.000000 0.998887 0.000000 -0.047175 1.000000 1.000000 1.000000
1253.387695 0.000000 1663.579102 0.000000 0.974041 0.000000 -0.226374 1.000000 1.000000 1.000000
1283.770874 0.000000 1581.892090 0.000000 0.914434 0.000000 -0.404734 1.000000 1.000000 1.000000
1296.581543 0.000000 1577.686646 0.000000 0.982333 0.000000 0.187142 1.000000 1.000000 1.000000
1309.960083 0.000000 1597.587402 0.000000 0.931306 0.000000 0.364238 1.000000 1.000000 1.000000
1300.457031 0.000000 1575.437134 0.000000 0.363218 0.000000 -0.931704 1.000000 1.000000 1.000000
1287.789551 0.000000 1580.523926 0.000000 0.760104 0.000000 -0.649801 1.000000 1.000000 1.000000
1294.073730 0.000000 1574.886597 0.000000 0.961778 0.000000 -0.273832 1.000000 1.000000 1.000000
1310.319458 0.000000 1585.305176 0.000000 0.823711 0.000000 -0.567009 1.000000 1.000000 1.000000
1287.478271 0.000000 1583.703979 0.000000 0.875042 0.000000 -0.484046 1.000000 1.000000 1.000000
1285.272949 0.000000 1579.765869 0.000000 0.596252 0.000000 -0.802797 1.000000 1.000000 1.000000
1311.363647 0.000000 1595.262329 0.000000 0.895403 0.000000 -0.445257 1.000000 1.000000 1.000000
1286.678711 0.000000 1592.057739 0.000000 0.317221 0.000000 -0.948352 1.000000 1.000000 1.000000
1297.831177 0.000000 1575.506104 0.000000 0.169062 0.000000 0.985605 1.000000 1.000000 1.000000
1302.972290 0.000000 1575.896362 0.000000 0.300274 0.000000 -0.953853 1.000000 1.000000 1.000000
1302.002808 0.000000 1573.560669 0.000000 0.806071 0.000000 0.591819 1.000000 1.000000 1.000000
1298.929810 0.000000 1577.567505 0.000000 0.986214 0.000000 -0.165478 1.000000 1.000000 1.000000
1285.989990 0.000000 1582.046753 0.000000 0.855574 0.000000 0.517680 1.000000 1.000000 1.000000
1285.716187 0.000000 1590.055420 0.000000 0.487702 0.000000 0.873010 1.000000 1.000000 1.000000
1309.276733 0.000000 1595.008057 0.000000 0.129306 0.000000 -0.991605 1.000000 1.000000 1.000000
1310.839478 0.000000 1587.301514 0.000000 0.449359 0.000000 -0.893351 1.000000 1.000000 1.000000
1296.018311 0.000000 1574.932983 0.000000 0.965000 0.000000 0.262250 1.000000 1.000000 1.000000
1285.941040 0.000000 1593.672485 0.000000 0.699367 0.000000 0.714763 1.000000 1.000000 1.000000
1312.668091 0.000000 1588.734375 0.000000 0.792551 0.000000 -0.609805 1.000000 1.000000 1.000000
1314.460571 0.000000 1596.505249 0.000000 0.982192 0.000000 0.187878 1.000000 1.000000 1.000000
1317.365479 0.000000 1586.133179 0.000000 0.925212 0.000000 0.379450 1.000000 1.000000 1.000000
1312.037109 0.000000 1584.312256 0.000000 0.221383 0.000000 0.975187 1.000000 1.000000 1.000000
1319.470459 0.000000 1583.703979 0.000000 0.361741 0.000000 -0.932279 1.000000 1.000000 1.000000
1311.731323 0.000000 1597.762817 0.000000 0.193058 0.000000 -0.981187 1.000000 1.000000 1.000000
1316.860229 0.000000 1598.075928 0.000000 0.128440 0.000000 0.991717 1.000000 1.000000 1.000000
1319.867065 0.000000 1598.295654 0.000000 0.363063 0.000000 -0.931765 1.000000 1.000000 1.000000
1315.762817 0.000000 1584.321167 0.000000 0.010068 0.000000 -0.999949 1.000000 1.000000 1.000000
1311.697266 0.000000 1586.629639 0.000000 0.993834 0.000000 0.110878 1.000000 1.000000 1.000000
1316.309937 0.000000 1594.640869 0.000000 0.707190 0.000000 -0.707024 1.000000 1.000000 1.000000
1317.982178 0.000000 1582.046753 0.000000 0.650551 0.000000 -0.759463 1.000000 1.000000 1.000000
1317.570923 0.000000 1583.813232 0.000000 0.353053 0.000000 0.935603 1.000000 1.000000 1.000000
1318.491577 0.000000 1597.235107 0.000000 0.429100 0.000000 -0.903257 1.000000 1.000000 1.000000
1316.132446 0.000000 1596.550537 0.000000 0.946526 0.000000 0.322628 1.000000 1.000000 1.000000
1313.049805 0.000000 1587.247192 0.000000 0.929421 0.000000 0.369022 1.000000 1.000000 1.000000
1317.295898 0.000000 1596.932129 0.000000 0.996845 0.000000 0.079373 1.000000 1.000000 1.000000
1404.866699 0.000000 1573.995972 0.000000 0.497387 0.000000 0.867529 1.000000 1.000000 1.000000
1397.266357 0.000000 1578.120361 0.000000 0.989913 0.000000 0.141677 1.000000 1.000000 1.000000
1402.718018 0.000000 1575.123535 0.000000 0.987072 0.000000 0.160274 1.000000 1.000000 1.000000
1403.009644 0.000000 1572.865356 0.000000 0.259254 0.000000 0.965809 1.000000 1.000000 1.000000
1397.517334 0.000000 1576.569336 0.000000 0.983364 0.000000 -0.181645 1.000000 1.000000 1.000000
1404.975708 0.000000 1572.477417 0.000000 0.746064 0.000000 -0.665874 1.000000 1.000000 1.000000
1308.005005 0.000000 1625.389282 0.000000 0.962280 0.000000 0.272060 1.000000 1.000000 1.000000
1293.870972 0.000000 1603.048584 0.000000 0.861925 0.000000 -0.507036 1.000000 1.000000 1.000000
1280.675903 0.000000 1620.718750 0.000000 0.750936 0.000000 -0.660375 1.000000 1.000000 1.000000
1298.287109 0.000000 1622.171509 0.000000 0.768061 0.000000 0.640377 1.000000 1.000000 1.000000
1301.178711 0.000000 1603.189575 0.000000 0.977406 0.000000 0.211371 1.000000 1.000000 1.000000
1297.434692 0.000000 1599.498169 0.000000 0.799406 0.000000 0.600792 1.000000 1.000000 1.000000
1309.960083 0.000000 1629.571777 0.000000 0.777336 0.000000 -0.629086 1.000000 1.000000 1.000000
1304.866333 0.000000 1629.407593 0.000000 0.559119 0.000000 -0.829087 1.000000 1.000000 1.000000
1279.803345 0.000000 1611.653931 0.000000 0.220669 0.000000 -0.975349 1.000000 1.000000 1.000000
1280.044922 0.000000 1616.296631 0.000000 0.548390 0.000000 -0.836223 1.000000 1.000000 1.000000
1291.521362 0.000000 1624.420166 0.000000 0.979573 0.000000 0.201089 1.000000 1.000000 1.000000
1302.630493 0.000000 1620.863281 0.000000 0.608380 0.000000 -0.793646 1.000000 1.000000 1.000000
1297.448120 0.000000 1604.788330 0.000000 0.367479 0.000000 -0.930032 1.000000 1.000000 1.000000
1310.319458 0.000000 1617.289551 0.000000 0.070323 0.000000 -0.997524 1.000000 1.000000 1.000000
1293.939575 0.000000 1630.695923 0.000000 0.549674 0.000000 0.835379 1.000000 1.000000 1.000000
1295.034668 0.000000 1623.546021 0.000000 0.692065 0.000000 -0.721835 1.000000 1.000000 1.000000
1299.160522 0.000000 1625.406372 0.000000 0.770320 0.000000 0.637657 1.000000 1.000000 1.000000
1294.439575 0.000000 1600.078613 0.000000 0.625915 0.000000 0.779891 1.000000 1.000000 1.000000
1305.273193 0.000000 1626.494751 0.000000 0.443779 0.000000 0.896136 1.000000 1.000000 1.000000
1310.508057 0.000000 1599.622070 0.000000 0.121453 0.000000 -0.992597 1.000000 1.000000 1.000000
1298.400146 0.000000 1602.088501 0.000000 0.802747 0.000000 -0.596320 1.000000 1.000000 1.000000
1307.512085 0.000000 1628.086914 0.000000 0.958976 0.000000 0.283487 1.000000 1.000000 1.000000
1281.069092 0.000000 1613.985352 0.000000 0.976778 0.000000 0.214253 1.000000 1.000000 1.000000
1298.678589 0.000000 1627.922119 0.000000 0.816565 0.000000 -0.577253 1.000000 1.000000 1.000000
1305.620605 0.000000 1620.066406 0.000000 0.848122 0.000000 0.529801 1.000000 1.000000 1.000000
1296.034546 0.000000 1602.239014 0.000000 0.645390 0.000000 0.763853 1.000000 1.000000 1.000000
1279.705078 0.000000 1618.614014 0.000000 0.123364 0.000000 -0.992361 1.000000 1.000000 1.000000
1292.812256 0.000000 1622.405396 0.000000 0.719189 0.000000 -0.694814 1.000000 1.000000 1.000000
1299.803833 0.000000 1605.233398 0.000000 0.512695 0.000000 0.858571 1.000000 1.000000 1.000000
1294.019653 0.000000 1625.416992 0.000000 0.906849 0.000000 0.421456 1.000000 1.000000 1.000000
1309.276733 0.000000 1626.992432 0.000000 0.988768 0.000000 0.149460 1.000000 1.000000 1.000000
1307.828979 0.000000 1621.092041 0.000000 0.977086 0.000000 -0.212845 1.000000 1.000000 1.000000
1304.399902 0.000000 1621.465698 0.000000 0.998647 0.000000 0.052010 1.000000 1.000000 1.000000
1299.123535 0.000000 1603.646240 0.000000 0.838464 0.000000 -0.544957 1.000000 1.000000 1.000000
1295.788818 0.000000 1631.083740 0.000000 0.701268 0.000000 0.712898 1.000000 1.000000 1.000000
1293.158569 0.000000 1623.963013 0.000000 0.157857 0.000000 -0.987462 1.000000 1.000000 1.000000
1297.177124 0.000000 1601.069458 0.000000 0.813327 0.000000 0.581807 1.000000 1.000000 1.000000
1281.170044 0.000000 1612.423584 0.000000 0.997740 0.000000 0.067188 1.000000 1.000000 1.000000
1306.869995 0.000000 1626.599487 0.000000 0.948188 0.000000 -0.317710 1.000000 1.000000 1.000000
1297.285889 0.000000 1603.159424 0.000000 0.421145 0.000000 -0.906993 1.000000 1.000000 1.000000
1279.818359 0.000000 1613.160522 0.000000 0.842294 0.000000 -0.539019 1.000000 1.000000 1.000000
1281.057617 0.000000 1619.231567 0.000000 0.369223 0.000000 -0.929341 1.000000 1.000000 1.000000
1312.668091 0.000000 1620.718750 0.000000 0.882223 0.000000 0.470832 1.000000 1.000000 1.000000
1317.372070 0.000000 1599.610352 0.000000 0.999982 0.000000 0.006010 1.000000 1.000000 1.000000
1331.839355 0.000000 1630.179688 0.000000 0.733429 0.000000 0.679766 1.000000 1.000000 1.000000
1316.519043 0.000000 1604.338745 0.000000 0.685153 0.000000 0.728399 1.000000 1.000000 1.000000
1312.037109 0.000000 1616.296631 0.000000 0.769673 0.000000 0.638439 1.000000 1.000000 1.000000
1316.082153 0.000000 1609.379150 0.000000 0.999721 0.000000 -0.023620 1.000000 1.000000 1.000000
1314.306152 0.000000 1618.229492 0.000000 0.490274 0.000000 -0.871569 1.000000 1.000000 1.000000
1317.610107 0.000000 1606.929810 0.000000 0.916019 0.000000 -0.401135 1.000000 1.000000 1.000000
1315.762817 0.000000 1616.305542 0.000000 0.282054 0.000000 0.959399 1.000000 1.000000 1.000000
1318.480103 0.000000 1609.606812 0.000000 0.433246 0.000000 -0.901276 1.000000 1.000000 1.000000
1319.258789 0.000000 1606.530273 0.000000 0.266603 0.000000 -0.963806 1.000000 1.000000 1.000000
1316.255005 0.000000 1607.814453 0.000000 0.332690 0.000000 -0.943036 1.000000 1.000000 1.000000
1313.049805 0.000000 1619.231567 0.000000 0.554155 0.000000 -0.832413 1.000000 1.000000 1.000000
1299.847168 0.000000 1662.164062 0.000000 0.709080 0.000000 0.705129 1.000000 1.000000 1.000000
1298.360596 0.000000 1647.763550 0.000000 0.856389 0.000000 -0.516332 1.000000 1.000000 1.000000
1279.876343 0.000000 1632.847534 0.000000 0.280627 0.000000 -0.959817 1.000000 1.000000 1.000000
1295.342529 0.000000 1659.163086 0.000000 0.682428 0.000000 0.730953 1.000000 1.000000 1.000000
1297.434692 0.000000 1631.482544 0.000000 0.339775 0.000000 -0.940507 1.000000 1.000000 1.000000
1284.526855 0.000000 1636.323120 0.000000 0.916676 0.000000 -0.399631 1.000000 1.000000 1.000000
1302.754639 0.000000 1646.341797 0.000000 0.938989 0.000000 0.343948 1.000000 1.000000 1.000000
1295.154053 0.000000 1645.328369 0.000000 0.972384 0.000000 0.233387 1.000000 1.000000 1.000000
1299.650269 0.000000 1643.990845 0.000000 0.934726 0.000000 -0.355370 1.000000 1.000000 1.000000
1280.848633 0.000000 1635.931396 0.000000 0.985986 0.000000 0.166830 1.000000 1.000000 1.000000
1310.399292 0.000000 1641.611206 0.000000 0.534640 0.000000 -0.845080 1.000000 1.000000 1.000000
1296.812378 0.000000 1661.770264 0.000000 0.778718 0.000000 -0.627374 1.000000 1.000000 1.000000
1285.617920 0.000000 1638.914185 0.000000 0.138338 0.000000 -0.990385 1.000000 1.000000 1.000000
1292.537964 0.000000 1659.092163 0.000000 0.882004 0.000000 0.471242 1.000000 1.000000 1.000000
1287.058472 0.000000 1636.782837 0.000000 0.916850 0.000000 -0.399231 1.000000 1.000000 1.000000
1298.678589 0.000000 1659.906494 0.000000 0.567667 0.000000 -0.823258 1.000000 1.000000 1.000000
1285.740601 0.000000 1634.004028 0.000000 0.771030 0.000000 0.636799 1.000000 1.000000 1.000000
1297.234253 0.000000 1644.003540 0.000000 0.597760 0.000000 -0.801675 1.000000 1.000000 1.000000
1294.472290 0.000000 1643.015747 0.000000 0.423180 0.000000 0.906046 1.000000 1.000000 1.000000
1300.265625 0.000000 1646.275879 0.000000 0.974838 0.000000 -0.222913 1.000000 1.000000 1.000000
1302.396362 0.000000 1644.134033 0.000000 0.981370 0.000000 0.192130 1.000000 1.000000 1.000000
1310.575073 0.000000 1639.434814 0.000000 0.995680 0.000000 0.092847 1.000000 1.000000 1.000000
1294.019653 0.000000 1657.401367 0.000000 0.663204 0.000000 0.748439 1.000000 1.000000 1.000000
1298.330078 0.000000 1645.718628 0.000000 0.029649 0.000000 -0.999560 1.000000 1.000000 1.000000
1281.330200 0.000000 1634.136475 0.000000 0.613905 0.000000 0.789380 1.000000 1.000000 1.000000
1279.702393 0.000000 1634.542603 0.000000 0.698990 0.000000 -0.715132 1.000000 1.000000 1.000000
1296.691162 0.000000 1645.782227 0.000000 0.973905 0.000000 -0.226955 1.000000 1.000000 1.000000
1295.943237 0.000000 1631.849609 0.000000 0.948078 0.000000 -0.318039 1.000000 1.000000 1.000000
1311.628174 0.000000 1640.707642 0.000000 0.961893 0.000000 -0.273427 1.000000 1.000000 1.000000
1284.431152 0.000000 1637.843872 0.000000 0.994247 0.000000 -0.107107 1.000000 1.000000 1.000000
1300.951538 0.000000 1644.937744 0.000000 0.673133 0.000000 0.739522 1.000000 1.000000 1.000000
1312.431274 0.000000 1639.128052 0.000000 0.985931 0.000000 -0.167155 1.000000 1.000000 1.000000
1339.997192 0.000000 1657.373657 0.000000 0.423321 0.000000 0.905980 1.000000 1.000000 1.000000
1333.170898 0.000000 1635.173950 0.000000 0.665890 0.000000 -0.746050 1.000000 1.000000 1.000000
1329.426880 0.000000 1631.482544 0.000000 0.991424 0.000000 0.130687 1.000000 1.000000 1.000000
1341.952271 0.000000 1661.556152 0.000000 0.348842 0.000000 0.937182 1.000000 1.000000 1.000000
1341.905518 0.000000 1653.102051 0.000000 0.487455 0.000000 0.873148 1.000000 1.000000 1.000000
1311.795532 0.000000 1643.638306 0.000000 0.985139 0.000000 0.171760 1.000000 1.000000 1.000000
1336.557129 0.000000 1637.940918 0.000000 0.253114 0.000000 0.967436 1.000000 1.000000 1.000000
1316.082153 0.000000 1641.363525 0.000000 0.955938 0.000000 -0.293570 1.000000 1.000000 1.000000
1321.491089 0.000000 1650.307495 0.000000 0.873540 0.000000 0.486753 1.000000 1.000000 1.000000
1338.014160 0.000000 1654.356689 0.000000 0.516414 0.000000 -0.856339 1.000000 1.000000 1.000000
1338.119507 0.000000 1634.852295 0.000000 0.971606 0.000000 0.236604 1.000000 1.000000 1.000000
1332.395874 0.000000 1632.236694 0.000000 0.941871 0.000000 0.335974 1.000000 1.000000 1.000000
1317.610107 0.000000 1638.914185 0.000000 0.998608 0.000000 -0.052754 1.000000 1.000000 1.000000
1322.710693 0.000000 1653.508545 0.000000 0.999213 0.000000 0.039656 1.000000 1.000000 1.000000
1330.392334 0.000000 1634.072876 0.000000 0.968728 0.000000 -0.248123 1.000000 1.000000 1.000000
1317.265137 0.000000 1643.734619 0.000000 0.627774 0.000000 -0.778396 1.000000 1.000000 1.000000
1315.093872 0.000000 1638.651733 0.000000 0.126549 0.000000 -0.991960 1.000000 1.000000 1.000000
1335.604370 0.000000 1635.637573 0.000000 0.975623 0.000000 0.219452 1.000000 1.000000 1.000000
1312.852539 0.000000 1641.488647 0.000000 0.964335 0.000000 0.264686 1.000000 1.000000 1.000000
1340.511719 0.000000 1655.044434 0.000000 0.547280 0.000000 0.836950 1.000000 1.000000 1.000000
1321.452759 0.000000 1648.261719 0.000000 0.335290 0.000000 0.942115 1.000000 1.000000 1.000000
1323.182739 0.000000 1651.467285 0.000000 0.063690 0.000000 -0.997970 1.000000 1.000000 1.000000
1314.425903 0.000000 1640.360840 0.000000 0.849744 0.000000 -0.527195 1.000000 1.000000 1.000000
1340.436890 0.000000 1662.362793 0.000000 0.837413 0.000000 -0.546571 1.000000 1.000000 1.000000
1331.115723 0.000000 1635.630615 0.000000 0.751217 0.000000 0.660055 1.000000 1.000000 1.000000
1330.765747 0.000000 1632.458008 0.000000 0.323351 0.000000 0.946279 1.000000 1.000000 1.000000
1336.206177 0.000000 1634.076782 0.000000 0.243390 0.000000 -0.969928 1.000000 1.000000 1.000000
1317.569580 0.000000 1640.437622 0.000000 0.467974 0.000000 0.883742 1.000000 1.000000 1.000000
1357.923950 0.000000 1630.695923 0.000000 0.954729 0.000000 0.297477 1.000000 1.000000 1.000000
1359.773193 0.000000 1631.083740 0.000000 0.512963 0.000000 0.858411 1.000000 1.000000 1.000000
1394.337158 0.000000 1615.779175 0.000000 0.907142 0.000000 0.420824 1.000000 1.000000 1.000000
1395.626831 0.000000 1612.006470 0.000000 0.867191 0.000000 -0.497975 1.000000 1.000000 1.000000
1378.454956 0.000000 1631.177979 0.000000 0.501267 0.000000 0.865293 1.000000 1.000000 1.000000
1396.242188 0.000000 1614.291504 0.000000 0.313805 0.000000 0.949487 1.000000 1.000000 1.000000
1394.306641 0.000000 1613.734253 0.000000 0.220233 0.000000 0.975447 1.000000 1.000000 1.000000
1354.153564 0.000000 1660.718994 0.000000 0.260019 0.000000 -0.965603 1.000000 1.000000 1.000000
1371.989380 0.000000 1657.373657 0.000000 0.505335 0.000000 0.862923 1.000000 1.000000 1.000000
1352.206055 0.000000 1639.908569 0.000000 0.630386 0.000000 0.776282 1.000000 1.000000 1.000000
1366.489990 0.000000 1657.424194 0.000000 0.583367 0.000000 -0.812209 1.000000 1.000000 1.000000
1361.419067 0.000000 1631.482544 0.000000 0.988628 0.000000 -0.150383 1.000000 1.000000 1.000000
1348.511230 0.000000 1636.323120 0.000000 0.991855 0.000000 -0.127373 1.000000 1.000000 1.000000
1366.614868 0.000000 1652.847656 0.000000 0.440716 0.000000 0.897647 1.000000 1.000000 1.000000
1353.492065 0.000000 1635.712280 0.000000 0.955653 0.000000 -0.294496 1.000000 1.000000 1.000000
1366.739014 0.000000 1646.341797 0.000000 0.786218 0.000000 -0.617949 1.000000 1.000000 1.000000
1351.773926 0.000000 1644.492676 0.000000 0.995368 0.000000 -0.096139 1.000000 1.000000 1.000000
1350.385132 0.000000 1659.420166 0.000000 0.989531 0.000000 -0.144323 1.000000 1.000000 1.000000
1374.303833 0.000000 1649.273926 0.000000 0.566281 0.000000 0.824213 1.000000 1.000000 1.000000
1370.006348 0.000000 1654.356689 0.000000 0.874933 0.000000 0.484244 1.000000 1.000000 1.000000
1358.423950 0.000000 1632.062988 0.000000 0.780780 0.000000 -0.624806 1.000000 1.000000 1.000000
1343.723511 0.000000 1661.731567 0.000000 0.999984 0.000000 -0.005723 1.000000 1.000000 1.000000
1374.752319 0.000000 1656.739746 0.000000 0.496985 0.000000 0.867759 1.000000 1.000000 1.000000
1349.602295 0.000000 1638.914185 0.000000 0.997320 0.000000 0.073157 1.000000 1.000000 1.000000
1355.412964 0.000000 1633.852295 0.000000 0.228097 0.000000 0.973638 1.000000 1.000000 1.000000
1351.042847 0.000000 1636.782837 0.000000 0.336946 0.000000 0.941524 1.000000 1.000000 1.000000
1349.257324 0.000000 1643.734619 0.000000 0.825822 0.000000 -0.563931 1.000000 1.000000 1.000000
1367.791382 0.000000 1655.296387 0.000000 0.999999 0.000000 0.001456 1.000000 1.000000 1.000000
1372.503906 0.000000 1655.044434 0.000000 0.725272 0.000000 0.688462 1.000000 1.000000 1.000000
1369.604980 0.000000 1652.050781 0.000000 0.606932 0.000000 0.794754 1.000000 1.000000 1.000000
1374.675903 0.000000 1636.336182 0.000000 0.329249 0.000000 0.944243 1.000000 1.000000 1.000000
1366.380737 0.000000 1644.134033 0.000000 0.945861 0.000000 -0.324572 1.000000 1.000000 1.000000
1368.620483 0.000000 1647.541260 0.000000 0.895445 0.000000 0.445172 1.000000 1.000000 1.000000
1375.463135 0.000000 1654.622192 0.000000 0.242453 0.000000 0.970163 1.000000 1.000000 1.000000
1352.860107 0.000000 1637.854126 0.000000 0.783244 0.000000 0.621714 1.000000 1.000000 1.000000
1368.519653 0.000000 1645.390503 0.000000 0.117903 0.000000 -0.993025 1.000000 1.000000 1.000000
1356.401245 0.000000 1632.032471 0.000000 0.731241 0.000000 -0.682119 1.000000 1.000000 1.000000
1368.384277 0.000000 1653.450073 0.000000 0.609079 0.000000 -0.793110 1.000000 1.000000 1.000000
1351.250977 0.000000 1638.514648 0.000000 0.596188 0.000000 -0.802845 1.000000 1.000000 1.000000
1375.097046 0.000000 1637.895508 0.000000 0.941163 0.000000 0.337954 1.000000 1.000000 1.000000
1359.927612 0.000000 1631.849609 0.000000 0.121836 0.000000 0.992550 1.000000 1.000000 1.000000
1353.049438 0.000000 1634.243896 0.000000 0.986834 0.000000 -0.161739 1.000000 1.000000 1.000000
1351.594238 0.000000 1645.941772 0.000000 0.360639 0.000000 0.932705 1.000000 1.000000 1.000000
1386.145752 0.000000 1660.718994 0.000000 0.868700 0.000000 -0.495338 1.000000 1.000000 1.000000
1376.415649 0.000000 1639.128052 0.000000 0.789239 0.000000 0.614086 1.000000 1.000000 1.000000
1375.852905 0.000000 1632.847534 0.000000 0.782383 0.000000 0.622797 1.000000 1.000000 1.000000
1389.146973 0.000000 1652.100220 0.000000 0.919017 0.000000 0.394218 1.000000 1.000000 1.000000
1391.319092 0.000000 1659.163086 0.000000 0.999649 0.000000 0.026502 1.000000 1.000000 1.000000
1381.349854 0.000000 1650.101929 0.000000 0.998833 0.000000 0.048293 1.000000 1.000000 1.000000
1376.021484 0.000000 1648.281006 0.000000 0.692484 0.000000 -0.721433 1.000000 1.000000 1.000000
1375.915039 0.000000 1656.754883 0.000000 0.799210 0.000000 0.601051 1.000000 1.000000 1.000000
1382.377319 0.000000 1659.420166 0.000000 0.164707 0.000000 -0.986343 1.000000 1.000000 1.000000
1406.296021 0.000000 1649.273926 0.000000 0.884731 0.000000 0.466101 1.000000 1.000000 1.000000
1401.998535 0.000000 1654.356689 0.000000 0.828791 0.000000 -0.559559 1.000000 1.000000 1.000000
1395.137085 0.000000 1657.390747 0.000000 0.965314 0.000000 0.261092 1.000000 1.000000 1.000000
1376.825195 0.000000 1635.931396 0.000000 0.981009 0.000000 -0.193962 1.000000 1.000000 1.000000
1379.060181 0.000000 1633.544678 0.000000 0.950509 0.000000 0.310696 1.000000 1.000000 1.000000
1384.703613 0.000000 1657.418579 0.000000 0.965688 0.000000 0.259703 1.000000 1.000000 1.000000
1378.290527 0.000000 1650.213867 0.000000 0.636345 0.000000 0.771405 1.000000 1.000000 1.000000
1404.008423 0.000000 1650.995850 0.000000 0.766328 0.000000 -0.642449 1.000000 1.000000 1.000000
1386.695068 0.000000 1653.508545 0.000000 0.995782 0.000000 -0.091756 1.000000 1.000000 1.000000
1388.365845 0.000000 1649.563232 0.000000 0.497666 0.000000 -0.867368 1.000000 1.000000 1.000000
1404.812988 0.000000 1647.192871 0.000000 0.988638 0.000000 0.150317 1.000000 1.000000 1.000000
1394.655151 0.000000 1659.906494 0.000000 0.983280 0.000000 -0.182101 1.000000 1.000000 1.000000
1382.655273 0.000000 1656.026489 0.000000 0.786499 0.000000 -0.617591 1.000000 1.000000 1.000000
1379.747192 0.000000 1648.289917 0.000000 0.769718 0.000000 -0.638384 1.000000 1.000000 1.000000
1383.347534 0.000000 1651.527588 0.000000 0.887855 0.000000 -0.460123 1.000000 1.000000 1.000000
1401.597168 0.000000 1652.050781 0.000000 0.828503 0.000000 -0.559985 1.000000 1.000000 1.000000
1392.878174 0.000000 1657.193970 0.000000 0.881490 0.000000 0.472203 1.000000 1.000000 1.000000
1377.750732 0.000000 1631.828003 0.000000 0.754851 0.000000 -0.655896 1.000000 1.000000 1.000000
1403.805542 0.000000 1653.076416 0.000000 0.085354 0.000000 -0.996351 1.000000 1.000000 1.000000
1387.167114 0.000000 1651.467285 0.000000 0.233832 0.000000 0.972277 1.000000 1.000000 1.000000
1384.351440 0.000000 1659.854126 0.000000 0.352842 0.000000 -0.935683 1.000000 1.000000 1.000000
1377.872681 0.000000 1647.706787 0.000000 0.421704 0.000000 -0.906734 1.000000 1.000000 1.000000
1381.463867 0.000000 1651.987915 0.000000 0.473362 0.000000 0.880868 1.000000 1.000000 1.000000
1377.306763 0.000000 1634.136475 0.000000 0.665062 0.000000 -0.746788 1.000000 1.000000 1.000000
1400.376465 0.000000 1653.450073 0.000000 0.993319 0.000000 -0.115403 1.000000 1.000000 1.000000
1375.727051 0.000000 1637.443970 0.000000 0.962740 0.000000 -0.270429 1.000000 1.000000 1.000000
1393.117188 0.000000 1659.042725 0.000000 0.800431 0.000000 0.599425 1.000000 1.000000 1.000000
1377.337036 0.000000 1637.731567 0.000000 0.650448 0.000000 0.759551 1.000000 1.000000 1.000000
1376.848755 0.000000 1649.593506 0.000000 0.899276 0.000000 0.437382 1.000000 1.000000 1.000000
1402.547241 0.000000 1650.710083 0.000000 0.686028 0.000000 -0.727575 1.000000 1.000000 1.000000
1462.466553 0.000000 1561.471069 0.000000 0.975197 0.000000 0.221337 1.000000 1.000000 1.000000
1469.874268 0.000000 1557.148926 0.000000 0.862766 0.000000 -0.505604 1.000000 1.000000 1.000000
1459.121460 0.000000 1561.437622 0.000000 0.791853 0.000000 0.610712 1.000000 1.000000 1.000000
1458.639526 0.000000 1563.953369 0.000000 0.849767 0.000000 -0.527158 1.000000 1.000000 1.000000
1470.800415 0.000000 1555.317139 0.000000 0.982408 0.000000 0.186748 1.000000 1.000000 1.000000
1460.493774 0.000000 1563.023193 0.000000 0.460856 0.000000 -0.887475 1.000000 1.000000 1.000000
1461.989014 0.000000 1562.876709 0.000000 0.141718 0.000000 0.989907 1.000000 1.000000 1.000000
1421.839722 0.000000 1571.064209 0.000000 0.949102 0.000000 0.314970 1.000000 1.000000 1.000000
1408.644653 0.000000 1588.734375 0.000000 0.995954 0.000000 0.089863 1.000000 1.000000 1.000000
1427.815918 0.000000 1598.195312 0.000000 0.870333 0.000000 -0.492464 1.000000 1.000000 1.000000
1429.147461 0.000000 1571.205200 0.000000 0.716199 0.000000 0.697896 1.000000 1.000000 1.000000
1411.936646 0.000000 1592.162109 0.000000 0.626378 0.000000 -0.779519 1.000000 1.000000 1.000000
1430.599243 0.000000 1588.878906 0.000000 0.454697 0.000000 0.890646 1.000000 1.000000 1.000000
1428.425781 0.000000 1575.437134 0.000000 0.263306 0.000000 0.964712 1.000000 1.000000 1.000000
1414.369507 0.000000 1595.451416 0.000000 0.449579 0.000000 -0.893240 1.000000 1.000000 1.000000
1423.122803 0.000000 1581.359619 0.000000 0.160407 0.000000 0.987051 1.000000 1.000000 1.000000
1423.011963 0.000000 1585.133667 0.000000 0.806589 0.000000 0.591112 1.000000 1.000000 1.000000
1416.695801 0.000000 1593.449829 0.000000 0.670129 0.000000 0.742245 1.000000 1.000000 1.000000
1424.781128 0.000000 1597.801514 0.000000 0.935996 0.000000 0.352010 1.000000 1.000000 1.000000
1431.580933 0.000000 1571.668823 0.000000 0.479733 0.000000 0.877415 1.000000 1.000000 1.000000
1410.112183 0.000000 1593.938110 0.000000 0.434197 0.000000 -0.900818 1.000000 1.000000 1.000000
1409.785156 0.000000 1590.908813 0.000000 0.980118 0.000000 -0.198413 1.000000 1.000000 1.000000
1414.647461 0.000000 1592.057739 0.000000 0.908215 0.000000 -0.418503 1.000000 1.000000 1.000000
1430.941040 0.000000 1575.896362 0.000000 0.620177 0.000000 0.784462 1.000000 1.000000 1.000000
1429.971558 0.000000 1573.560669 0.000000 0.687579 0.000000 -0.726110 1.000000 1.000000 1.000000
1433.589355 0.000000 1588.082031 0.000000 0.834774 0.000000 0.550592 1.000000 1.000000 1.000000
1419.801270 0.000000 1572.193481 0.000000 0.998850 0.000000 0.047943 1.000000 1.000000 1.000000
1427.772583 0.000000 1573.249023 0.000000 0.122206 0.000000 -0.992505 1.000000 1.000000 1.000000
1428.334595 0.000000 1588.990479 0.000000 0.748875 0.000000 -0.662711 1.000000 1.000000 1.000000
1423.194580 0.000000 1572.937744 0.000000 0.963829 0.000000 -0.266523 1.000000 1.000000 1.000000
1424.197021 0.000000 1583.359253 0.000000 0.703131 0.000000 -0.711060 1.000000 1.000000 1.000000
1433.181152 0.000000 1576.595703 0.000000 0.791989 0.000000 0.610535 1.000000 1.000000 1.000000
1431.741455 0.000000 1586.953369 0.000000 0.572125 0.000000 0.820166 1.000000 1.000000 1.000000
1416.343628 0.000000 1595.885376 0.000000 0.619772 0.000000 0.784782 1.000000 1.000000 1.000000
1421.320679 0.000000 1573.177856 0.000000 0.330288 0.000000 0.943880 1.000000 1.000000 1.000000
1411.447632 0.000000 1590.552490 0.000000 0.762458 0.000000 -0.647037 1.000000 1.000000 1.000000
1424.175171 0.000000 1596.448242 0.000000 0.614730 0.000000 -0.788738 1.000000 1.000000 1.000000
1443.731812 0.000000 1581.892090 0.000000 0.859471 0.000000 0.511185 1.000000 1.000000 1.000000
1440.005859 0.000000 1584.312256 0.000000 0.947782 0.000000 -0.318918 1.000000 1.000000 1.000000
1441.030029 0.000000 1582.000977 0.000000 0.998145 0.000000 -0.060876 1.000000 1.000000 1.000000
1443.731567 0.000000 1584.321167 0.000000 0.960710 0.000000 0.277553 1.000000 1.000000 1.000000
1441.857056 0.000000 1583.738037 0.000000 0.278412 0.000000 0.960462 1.000000 1.000000 1.000000
1472.629028 0.000000 1556.750000 0.000000 0.986305 0.000000 0.164931 1.000000 1.000000 1.000000
1477.326416 0.000000 1554.148804 0.000000 0.594477 0.000000 -0.804113 1.000000 1.000000 1.000000
1486.987793 0.000000 1559.577271 0.000000 0.951740 0.000000 -0.306904 1.000000 1.000000 1.000000
1491.113647 0.000000 1561.437622 0.000000 0.903528 0.000000 -0.428528 1.000000 1.000000 1.000000
1474.267090 0.000000 1554.260742 0.000000 0.537490 0.000000 -0.843270 1.000000 1.000000 1.000000
1475.723755 0.000000 1552.336792 0.000000 0.526187 0.000000 0.850369 1.000000 1.000000 1.000000
1479.324097 0.000000 1555.574463 0.000000 0.980410 0.000000 0.196967 1.000000 1.000000 1.000000
1471.658203 0.000000 1554.645264 0.000000 0.918166 0.000000 0.396196 1.000000 1.000000 1.000000
1488.854736 0.000000 1561.240845 0.000000 0.293414 0.000000 -0.955985 1.000000 1.000000 1.000000
1488.510620 0.000000 1558.720459 0.000000 0.837926 0.000000 0.545784 1.000000 1.000000 1.000000
1426.255859 0.000000 1622.171509 0.000000 0.374317 0.000000 0.927301 1.000000 1.000000 1.000000
1421.139160 0.000000 1620.115845 0.000000 0.959187 0.000000 0.282771 1.000000 1.000000 1.000000
1425.403442 0.000000 1599.498169 0.000000 0.516649 0.000000 -0.856197 1.000000 1.000000 1.000000
1419.490112 0.000000 1624.420166 0.000000 0.054605 0.000000 0.998508 1.000000 1.000000 1.000000
1430.599243 0.000000 1620.863281 0.000000 0.569331 0.000000 -0.822108 1.000000 1.000000 1.000000
1417.476440 0.000000 1603.727905 0.000000 0.403537 0.000000 -0.914963 1.000000 1.000000 1.000000
1423.122803 0.000000 1613.343994 0.000000 0.438621 0.000000 -0.898672 1.000000 1.000000 1.000000
1425.416870 0.000000 1604.788330 0.000000 0.378749 0.000000 0.925499 1.000000 1.000000 1.000000
1417.467651 0.000000 1618.323120 0.000000 0.999243 0.000000 0.038908 1.000000 1.000000 1.000000
1423.011963 0.000000 1617.118042 0.000000 0.961323 0.000000 -0.275425 1.000000 1.000000 1.000000
1427.129272 0.000000 1625.406372 0.000000 0.920659 0.000000 -0.390367 1.000000 1.000000 1.000000
1416.695801 0.000000 1625.434204 0.000000 0.123914 0.000000 -0.992293 1.000000 1.000000 1.000000
1418.687256 0.000000 1621.524170 0.000000 0.985186 0.000000 0.171490 1.000000 1.000000 1.000000
1428.959229 0.000000 1623.130005 0.000000 0.554551 0.000000 -0.832150 1.000000 1.000000 1.000000
1426.368896 0.000000 1602.088501 0.000000 0.194864 0.000000 -0.980830 1.000000 1.000000 1.000000
1419.397339 0.000000 1601.867920 0.000000 0.812421 0.000000 0.583072 1.000000 1.000000 1.000000
1420.358032 0.000000 1617.578857 0.000000 0.975657 0.000000 -0.219303 1.000000 1.000000 1.000000
1426.647339 0.000000 1627.922119 0.000000 0.433661 0.000000 0.901076 1.000000 1.000000 1.000000
1431.775757 0.000000 1623.312012 0.000000 0.823604 0.000000 0.567165 1.000000 1.000000 1.000000
1424.003296 0.000000 1602.239014 0.000000 0.270413 0.000000 -0.962744 1.000000 1.000000 1.000000
1421.440552 0.000000 1615.339111 0.000000 0.385546 0.000000 0.922688 1.000000 1.000000 1.000000
1427.772583 0.000000 1605.233398 0.000000 0.839591 0.000000 0.543219 1.000000 1.000000 1.000000
1428.334595 0.000000 1620.974854 0.000000 0.996731 0.000000 -0.080796 1.000000 1.000000 1.000000
1417.541870 0.000000 1623.381470 0.000000 0.518439 0.000000 -0.855115 1.000000 1.000000 1.000000
1428.501587 0.000000 1626.991943 0.000000 0.958149 0.000000 0.286271 1.000000 1.000000 1.000000
1419.159302 0.000000 1619.482910 0.000000 0.930892 0.000000 0.365296 1.000000 1.000000 1.000000
1417.031250 0.000000 1620.392334 0.000000 0.013313 0.000000 0.999911 1.000000 1.000000 1.000000
1417.838745 0.000000 1601.031860 0.000000 0.647206 0.000000 -0.762315 1.000000 1.000000 1.000000
1427.092285 0.000000 1603.646240 0.000000 0.991992 0.000000 -0.126298 1.000000 1.000000 1.000000
1425.254639 0.000000 1603.159424 0.000000 0.308854 0.000000 -0.951110 1.000000 1.000000 1.000000
1417.033813 0.000000 1602.259521 0.000000 0.933072 0.000000 0.359690 1.000000 1.000000 1.000000
1408.407837 0.000000 1639.128052 0.000000 0.370158 0.000000 -0.928969 1.000000 1.000000 1.000000
1412.495605 0.000000 1636.323120 0.000000 0.391989 0.000000 -0.919970 1.000000 1.000000 1.000000
1408.817383 0.000000 1635.931396 0.000000 0.703979 0.000000 0.710221 1.000000 1.000000 1.000000
1413.709351 0.000000 1634.004028 0.000000 0.133518 0.000000 -0.991046 1.000000 1.000000 1.000000
1410.652222 0.000000 1636.786377 0.000000 0.792843 0.000000 0.609426 1.000000 1.000000 1.000000
1410.602173 0.000000 1635.148315 0.000000 0.968736 0.000000 0.248094 1.000000 1.000000 1.000000
1308.890137 0.000000 1669.949097 0.000000 0.806835 0.000000 0.590776 1.000000 1.000000 1.000000
1300.457031 0.000000 1671.390259 0.000000 0.015487 0.000000 -0.999880 1.000000 1.000000 1.000000
1307.370850 0.000000 1673.448853 0.000000 0.890087 0.000000 0.455790 1.000000 1.000000 1.000000
1291.051758 0.000000 1670.344238 0.000000 0.933431 0.000000 -0.358756 1.000000 1.000000 1.000000
1310.399292 0.000000 1673.595581 0.000000 0.932453 0.000000 -0.361291 1.000000 1.000000 1.000000
1302.972290 0.000000 1671.849487 0.000000 0.656101 0.000000 0.754673 1.000000 1.000000 1.000000
1306.741455 0.000000 1671.076660 0.000000 0.960357 0.000000 0.278773 1.000000 1.000000 1.000000
1292.330444 0.000000 1672.160278 0.000000 0.981486 0.000000 -0.191533 1.000000 1.000000 1.000000
1308.736206 0.000000 1672.081787 0.000000 0.064989 0.000000 -0.997886 1.000000 1.000000 1.000000
1290.078247 0.000000 1672.105835 0.000000 0.496982 0.000000 -0.867761 1.000000 1.000000 1.000000
1291.079346 0.000000 1673.264771 0.000000 0.851389 0.000000 0.524535 1.000000 1.000000 1.000000
1311.628174 0.000000 1672.692017 0.000000 0.355404 0.000000 -0.934713 1.000000 1.000000 1.000000
1292.572388 0.000000 1670.540283 0.000000 0.949309 0.000000 0.314346 1.000000 1.000000 1.000000
1312.431274 0.000000 1671.112427 0.000000 0.179013 0.000000 0.983847 1.000000 1.000000 1.000000
1339.203857 0.000000 1663.563721 0.000000 0.810277 0.000000 0.586047 1.000000 1.000000 1.000000
1331.839355 0.000000 1694.148438 0.000000 0.087005 0.000000 -0.996208 1.000000 1.000000 1.000000
1315.763062 0.000000 1677.845215 0.000000 0.620014 0.000000 -0.784591 1.000000 1.000000 1.000000
1330.352783 0.000000 1679.747925 0.000000 0.950519 0.000000 0.310666 1.000000 1.000000 1.000000
1325.162598 0.000000 1684.084595 0.000000 0.544201 0.000000 0.838955 1.000000 1.000000 1.000000
1327.334717 0.000000 1691.147461 0.000000 0.956266 0.000000 -0.292497 1.000000 1.000000 1.000000
1317.365479 0.000000 1682.086304 0.000000 0.992300 0.000000 0.123856 1.000000 1.000000 1.000000
1311.795532 0.000000 1675.622681 0.000000 0.877904 0.000000 0.478836 1.000000 1.000000 1.000000
1324.187622 0.000000 1674.349731 0.000000 0.999954 0.000000 0.009562 1.000000 1.000000 1.000000
1327.146240 0.000000 1677.312744 0.000000 0.883675 0.000000 0.468101 1.000000 1.000000 1.000000
1321.491089 0.000000 1682.291870 0.000000 0.865985 0.000000 -0.500069 1.000000 1.000000 1.000000
1327.035400 0.000000 1681.086792 0.000000 0.982814 0.000000 0.184598 1.000000 1.000000 1.000000
1327.026855 0.000000 1687.514771 0.000000 0.998044 0.000000 -0.062517 1.000000 1.000000 1.000000
1331.600220 0.000000 1682.901611 0.000000 0.936684 0.000000 -0.350176 1.000000 1.000000 1.000000
1314.306152 0.000000 1682.198242 0.000000 0.992567 0.000000 -0.121702 1.000000 1.000000 1.000000
1334.151489 0.000000 1692.291260 0.000000 0.336966 0.000000 -0.941517 1.000000 1.000000 1.000000
1342.500244 0.000000 1663.590820 0.000000 0.996563 0.000000 -0.082844 1.000000 1.000000 1.000000
1322.710693 0.000000 1685.492920 0.000000 0.988308 0.000000 0.152470 1.000000 1.000000 1.000000
1322.431519 0.000000 1676.315308 0.000000 0.469569 0.000000 -0.882896 1.000000 1.000000 1.000000
1315.762817 0.000000 1680.274292 0.000000 0.605412 0.000000 -0.795912 1.000000 1.000000 1.000000
1312.852539 0.000000 1673.473022 0.000000 0.852468 0.000000 0.522779 1.000000 1.000000 1.000000
1324.772583 0.000000 1677.102783 0.000000 0.615627 0.000000 0.788038 1.000000 1.000000 1.000000
1328.893799 0.000000 1689.178345 0.000000 0.932644 0.000000 -0.360798 1.000000 1.000000 1.000000
1317.982178 0.000000 1677.999878 0.000000 0.180699 0.000000 -0.983538 1.000000 1.000000 1.000000
1332.358032 0.000000 1684.943604 0.000000 0.661447 0.000000 -0.749992 1.000000 1.000000 1.000000
1326.011841 0.000000 1689.385742 0.000000 0.469970 0.000000 -0.882683 1.000000 1.000000 1.000000
1328.220459 0.000000 1679.312378 0.000000 0.755569 0.000000 -0.655069 1.000000 1.000000 1.000000
1329.683838 0.000000 1681.752686 0.000000 0.871974 0.000000 0.489553 1.000000 1.000000 1.000000
1333.948608 0.000000 1694.560669 0.000000 0.195802 0.000000 0.980644 1.000000 1.000000 1.000000
1333.579102 0.000000 1683.221313 0.000000 0.912768 0.000000 0.408477 1.000000 1.000000 1.000000
1317.479492 0.000000 1683.972290 0.000000 0.318427 0.000000 -0.947947 1.000000 1.000000 1.000000
1330.317993 0.000000 1684.321411 0.000000 0.679949 0.000000 0.733260 1.000000 1.000000 1.000000
1317.570923 0.000000 1679.766357 0.000000 0.366887 0.000000 0.930265 1.000000 1.000000 1.000000
1328.549683 0.000000 1686.657959 0.000000 0.860147 0.000000 0.510046 1.000000 1.000000 1.000000
1332.299438 0.000000 1692.644531 0.000000 0.909085 0.000000 -0.416610 1.000000 1.000000 1.000000
1315.680664 0.000000 1676.244141 0.000000 0.970631 0.000000 -0.240572 1.000000 1.000000 1.000000
1314.380005 0.000000 1677.278320 0.000000 0.810017 0.000000 0.586407 1.000000 1.000000 1.000000
1323.805786 0.000000 1675.847534 0.000000 0.480180 0.000000 -0.877170 1.000000 1.000000 1.000000
1308.005005 0.000000 1721.342407 0.000000 0.949584 0.000000 -0.313511 1.000000 1.000000 1.000000
1305.533813 0.000000 1713.583862 0.000000 0.740310 0.000000 0.672266 1.000000 1.000000 1.000000
1296.581543 0.000000 1705.624146 0.000000 0.224136 0.000000 0.974558 1.000000 1.000000 1.000000
1298.360596 0.000000 1711.732300 0.000000 0.994439 0.000000 -0.105313 1.000000 1.000000 1.000000
1309.319336 0.000000 1708.464111 0.000000 0.198046 0.000000 0.980193 1.000000 1.000000 1.000000
1309.960083 0.000000 1725.524902 0.000000 0.668818 0.000000 0.743426 1.000000 1.000000 1.000000
1309.913330 0.000000 1717.070801 0.000000 0.677488 0.000000 0.735534 1.000000 1.000000 1.000000
1289.507690 0.000000 1699.681030 0.000000 0.290269 0.000000 0.956945 1.000000 1.000000 1.000000
1302.754639 0.000000 1710.310547 0.000000 0.203062 0.000000 0.979166 1.000000 1.000000 1.000000
1299.650269 0.000000 1707.959595 0.000000 0.262508 0.000000 0.964930 1.000000 1.000000 1.000000
1306.444824 0.000000 1710.278809 0.000000 0.381519 0.000000 -0.924361 1.000000 1.000000 1.000000
1302.293823 0.000000 1713.361450 0.000000 0.552414 0.000000 0.833570 1.000000 1.000000 1.000000
1310.767944 0.000000 1720.708496 0.000000 0.025891 0.000000 -0.999665 1.000000 1.000000 1.000000
1308.031860 0.000000 1714.964600 0.000000 0.376016 0.000000 0.926613 1.000000 1.000000 1.000000
1291.428589 0.000000 1697.821045 0.000000 0.856882 0.000000 0.515512 1.000000 1.000000 1.000000
1308.836426 0.000000 1711.161621 0.000000 0.433296 0.000000 0.901251 1.000000 1.000000 1.000000
1311.363647 0.000000 1723.199829 0.000000 0.916493 0.000000 0.400051 1.000000 1.000000 1.000000
1297.234253 0.000000 1707.972290 0.000000 0.372111 0.000000 -0.928188 1.000000 1.000000 1.000000
1300.265625 0.000000 1710.244629 0.000000 0.776465 0.000000 0.630160 1.000000 1.000000 1.000000
1298.929810 0.000000 1705.505005 0.000000 0.292728 0.000000 -0.956196 1.000000 1.000000 1.000000
1291.832520 0.000000 1700.130981 0.000000 0.984324 0.000000 0.176370 1.000000 1.000000 1.000000
1304.636108 0.000000 1711.510010 0.000000 0.832806 0.000000 -0.553564 1.000000 1.000000 1.000000
1288.875732 0.000000 1701.822876 0.000000 0.691156 0.000000 -0.722705 1.000000 1.000000 1.000000
1309.276733 0.000000 1722.945557 0.000000 0.693847 0.000000 -0.720123 1.000000 1.000000 1.000000
1310.839478 0.000000 1715.239014 0.000000 0.952188 0.000000 0.305513 1.000000 1.000000 1.000000
1298.330078 0.000000 1709.687378 0.000000 0.296624 0.000000 0.954994 1.000000 1.000000 1.000000
1303.946289 0.000000 1713.086914 0.000000 0.249296 0.000000 0.968427 1.000000 1.000000 1.000000
1301.868286 0.000000 1711.703247 0.000000 0.349417 0.000000 -0.936967 1.000000 1.000000 1.000000
1289.065063 0.000000 1698.212646 0.000000 0.930158 0.000000 -0.367160 1.000000 1.000000 1.000000
1310.473389 0.000000 1722.123657 0.000000 0.222943 0.000000 -0.974831 1.000000 1.000000 1.000000
1310.918457 0.000000 1724.504395 0.000000 0.452155 0.000000 0.891939 1.000000 1.000000 1.000000
1322.161377 0.000000 1724.687744 0.000000 0.203260 0.000000 -0.979125 1.000000 1.000000 1.000000
1312.668091 0.000000 1716.671875 0.000000 0.671734 0.000000 0.740792 1.000000 1.000000 1.000000
1337.526001 0.000000 1713.583862 0.000000 0.948192 0.000000 0.317698 1.000000 1.000000 1.000000
1314.460571 0.000000 1724.442749 0.000000 0.825838 0.000000 -0.563907 1.000000 1.000000 1.000000
1341.311523 0.000000 1708.464111 0.000000 0.670341 0.000000 0.742053 1.000000 1.000000 1.000000
1327.334717 0.000000 1723.131836 0.000000 0.845967 0.000000 -0.533235 1.000000 1.000000 1.000000
1334.622681 0.000000 1716.816406 0.000000 0.985884 0.000000 0.167432 1.000000 1.000000 1.000000
1336.557129 0.000000 1701.909668 0.000000 0.979973 0.000000 0.199131 1.000000 1.000000 1.000000
1311.930664 0.000000 1720.723633 0.000000 0.229159 0.000000 0.973389 1.000000 1.000000 1.000000
1318.392944 0.000000 1723.388916 0.000000 0.336065 0.000000 0.941839 1.000000 1.000000 1.000000
1335.452881 0.000000 1695.884033 0.000000 0.967645 0.000000 -0.252315 1.000000 1.000000 1.000000
1339.363037 0.000000 1705.433228 0.000000 0.998769 0.000000 0.049612 1.000000 1.000000 1.000000
1327.026855 0.000000 1719.499146 0.000000 0.858584 0.000000 -0.512673 1.000000 1.000000 1.000000
1338.119507 0.000000 1698.821045 0.000000 0.485112 0.000000 -0.874452 1.000000 1.000000 1.000000
1331.600220 0.000000 1714.885986 0.000000 0.827202 0.000000 -0.561905 1.000000 1.000000 1.000000
1338.437012 0.000000 1710.278809 0.000000 0.936735 0.000000 -0.350040 1.000000 1.000000 1.000000
1315.807983 0.000000 1716.912354 0.000000 0.904741 0.000000 0.425963 1.000000 1.000000 1.000000
1334.286011 0.000000 1713.361450 0.000000 0.022938 0.000000 0.999737 1.000000 1.000000 1.000000
1311.731323 0.000000 1725.700317 0.000000 0.754908 0.000000 -0.655831 1.000000 1.000000 1.000000
1328.510986 0.000000 1715.600586 0.000000 0.525401 0.000000 0.850855 1.000000 1.000000 1.000000
1314.306152 0.000000 1714.182617 0.000000 0.616485 0.000000 0.787367 1.000000 1.000000 1.000000
1316.860229 0.000000 1726.013428 0.000000 0.662624 0.000000 0.748952 1.000000 1.000000 1.000000
1342.500244 0.000000 1695.575195 0.000000 0.999672 0.000000 -0.025612 1.000000 1.000000 1.000000
1319.867065 0.000000 1726.233154 0.000000 0.851633 0.000000 0.524139 1.000000 1.000000 1.000000
1324.530151 0.000000 1723.060913 0.000000 0.682682 0.000000 -0.730715 1.000000 1.000000 1.000000
1337.903198 0.000000 1707.718994 0.000000 0.984521 0.000000 0.175267 1.000000 1.000000 1.000000
1340.828613 0.000000 1711.161621 0.000000 0.187694 0.000000 -0.982228 1.000000 1.000000 1.000000
1313.808594 0.000000 1718.846313 0.000000 0.658691 0.000000 -0.752414 1.000000 1.000000 1.000000
1311.697266 0.000000 1714.567139 0.000000 0.443705 0.000000 0.896173 1.000000 1.000000 1.000000
1328.893799 0.000000 1721.162720 0.000000 0.598205 0.000000 -0.801343 1.000000 1.000000 1.000000
1316.309937 0.000000 1722.578369 0.000000 0.980012 0.000000 0.198938 1.000000 1.000000 1.000000
1332.358032 0.000000 1716.927979 0.000000 0.580502 0.000000 -0.814259 1.000000 1.000000 1.000000
1326.011841 0.000000 1721.370117 0.000000 0.080142 0.000000 -0.996783 1.000000 1.000000 1.000000
1324.277954 0.000000 1725.204956 0.000000 0.216170 0.000000 -0.976356 1.000000 1.000000 1.000000
1337.204590 0.000000 1704.533203 0.000000 0.833143 0.000000 -0.553057 1.000000 1.000000 1.000000
1337.287231 0.000000 1696.896362 0.000000 0.841498 0.000000 -0.540260 1.000000 1.000000 1.000000
1335.764893 0.000000 1714.890869 0.000000 0.781114 0.000000 -0.624388 1.000000 1.000000 1.000000
1339.565918 0.000000 1712.812500 0.000000 0.995686 0.000000 0.092791 1.000000 1.000000 1.000000
1339.629639 0.000000 1697.448730 0.000000 0.859207 0.000000 -0.511628 1.000000 1.000000 1.000000
1322.919922 0.000000 1726.518066 0.000000 0.999708 0.000000 0.024160 1.000000 1.000000 1.000000
1333.579102 0.000000 1715.205688 0.000000 0.835832 0.000000 0.548985 1.000000 1.000000 1.000000
1326.034790 0.000000 1724.511108 0.000000 0.879857 0.000000 -0.475239 1.000000 1.000000 1.000000
1339.486084 0.000000 1708.746948 0.000000 0.690217 0.000000 0.723602 1.000000 1.000000 1.000000
1330.317993 0.000000 1716.305786 0.000000 0.927672 0.000000 -0.373397 1.000000 1.000000 1.000000
1339.930664 0.000000 1699.267944 0.000000 0.066893 0.000000 -0.997760 1.000000 1.000000 1.000000
1314.314087 0.000000 1716.003296 0.000000 0.360637 0.000000 -0.932706 1.000000 1.000000 1.000000
1328.549683 0.000000 1718.642334 0.000000 0.774873 0.000000 0.632118 1.000000 1.000000 1.000000
1313.424561 0.000000 1725.813354 0.000000 0.656632 0.000000 0.754211 1.000000 1.000000 1.000000
1316.132446 0.000000 1724.488037 0.000000 0.348199 0.000000 0.937420 1.000000 1.000000 1.000000
1333.836182 0.000000 1695.246582 0.000000 0.602623 0.000000 0.798026 1.000000 1.000000 1.000000
1336.206177 0.000000 1698.045532 0.000000 0.362612 0.000000 -0.931940 1.000000 1.000000 1.000000
1337.784058 0.000000 1706.032715 0.000000 0.736192 0.000000 -0.676773 1.000000 1.000000 1.000000
1329.752930 0.000000 1719.652710 0.000000 0.996616 0.000000 -0.082201 1.000000 1.000000 1.000000
1321.415039 0.000000 1726.087280 0.000000 0.567444 0.000000 -0.823412 1.000000 1.000000 1.000000
1327.109619 0.000000 1725.647461 0.000000 0.762932 0.000000 0.646478 1.000000 1.000000 1.000000
1339.292480 0.000000 1707.058472 0.000000 0.999666 0.000000 -0.025861 1.000000 1.000000 1.000000
1371.989380 0.000000 1689.358032 0.000000 0.961879 0.000000 0.273474 1.000000 1.000000 1.000000
1357.855347 0.000000 1667.017334 0.000000 0.561682 0.000000 0.827353 1.000000 1.000000 1.000000
1346.452759 0.000000 1692.458374 0.000000 0.380603 0.000000 -0.924739 1.000000 1.000000 1.000000
1352.206055 0.000000 1671.892944 0.000000 0.417362 0.000000 -0.908740 1.000000 1.000000 1.000000
1360.565918 0.000000 1673.639771 0.000000 0.833031 0.000000 -0.553226 1.000000 1.000000 1.000000
1373.303711 0.000000 1676.479736 0.000000 0.753617 0.000000 -0.657314 1.000000 1.000000 1.000000
1343.860718 0.000000 1664.831909 0.000000 0.225087 0.000000 -0.974339 1.000000 1.000000 1.000000
1366.489990 0.000000 1689.408569 0.000000 0.839573 0.000000 -0.543246 1.000000 1.000000 1.000000
1354.459717 0.000000 1663.362671 0.000000 0.947747 0.000000 -0.319022 1.000000 1.000000 1.000000
1366.614868 0.000000 1684.832031 0.000000 0.957830 0.000000 -0.287336 1.000000 1.000000 1.000000
1353.492065 0.000000 1667.696655 0.000000 0.879043 0.000000 0.476743 1.000000 1.000000 1.000000
1368.549316 0.000000 1669.925293 0.000000 0.877470 0.000000 -0.479631 1.000000 1.000000 1.000000
1361.432495 0.000000 1668.757080 0.000000 0.348540 0.000000 -0.937294 1.000000 1.000000 1.000000
1358.058105 0.000000 1670.839722 0.000000 0.274048 0.000000 -0.961716 1.000000 1.000000 1.000000
1370.006348 0.000000 1686.341064 0.000000 0.046754 0.000000 -0.998906 1.000000 1.000000 1.000000
1355.036133 0.000000 1670.344238 0.000000 0.491019 0.000000 -0.871149 1.000000 1.000000 1.000000
1343.723511 0.000000 1693.715942 0.000000 0.351770 0.000000 -0.936086 1.000000 1.000000 1.000000
1346.462769 0.000000 1695.146729 0.000000 0.998992 0.000000 -0.044882 1.000000 1.000000 1.000000
1369.895386 0.000000 1675.734619 0.000000 0.953935 0.000000 0.300014 1.000000 1.000000 1.000000
1367.596558 0.000000 1667.621948 0.000000 0.993181 0.000000 0.116583 1.000000 1.000000 1.000000
1361.815552 0.000000 1671.459229 0.000000 0.986995 0.000000 0.160752 1.000000 1.000000 1.000000
1367.791382 0.000000 1687.280762 0.000000 0.749406 0.000000 0.662110 1.000000 1.000000 1.000000
1355.816895 0.000000 1668.146606 0.000000 0.804611 0.000000 -0.593802 1.000000 1.000000 1.000000
1364.350220 0.000000 1684.943604 0.000000 0.459030 0.000000 -0.888421 1.000000 1.000000 1.000000
1359.210205 0.000000 1668.890869 0.000000 0.992721 0.000000 -0.120440 1.000000 1.000000 1.000000
1375.463135 0.000000 1686.606567 0.000000 0.942201 0.000000 0.335047 1.000000 1.000000 1.000000
1367.757080 0.000000 1682.906494 0.000000 0.052770 0.000000 0.998607 1.000000 1.000000 1.000000
1369.924072 0.000000 1688.453857 0.000000 0.483385 0.000000 -0.875408 1.000000 1.000000 1.000000
1368.519653 0.000000 1677.374878 0.000000 0.991713 0.000000 -0.128473 1.000000 1.000000 1.000000
1360.002686 0.000000 1670.886108 0.000000 0.929142 0.000000 -0.369724 1.000000 1.000000 1.000000
1365.571289 0.000000 1683.221313 0.000000 0.837401 0.000000 -0.546589 1.000000 1.000000 1.000000
1371.478271 0.000000 1676.762573 0.000000 0.485398 0.000000 0.874294 1.000000 1.000000 1.000000
1369.174194 0.000000 1668.270752 0.000000 0.999988 0.000000 0.004986 1.000000 1.000000 1.000000
1368.307495 0.000000 1688.959351 0.000000 0.964010 0.000000 0.265865 1.000000 1.000000 1.000000
1368.198364 0.000000 1666.061157 0.000000 0.934196 0.000000 -0.356761 1.000000 1.000000 1.000000
1354.215820 0.000000 1669.068481 0.000000 0.812469 0.000000 -0.583004 1.000000 1.000000 1.000000
1376.652466 0.000000 1684.687500 0.000000 0.978425 0.000000 -0.206605 1.000000 1.000000 1.000000
1379.944458 0.000000 1688.115234 0.000000 0.945582 0.000000 -0.325383 1.000000 1.000000 1.000000
1378.454956 0.000000 1695.146729 0.000000 0.182347 0.000000 -0.983234 1.000000 1.000000 1.000000
1378.119995 0.000000 1689.891235 0.000000 0.577948 0.000000 0.816074 1.000000 1.000000 1.000000
1377.792969 0.000000 1686.861938 0.000000 0.628216 0.000000 -0.778039 1.000000 1.000000 1.000000
1381.692749 0.000000 1686.008545 0.000000 0.403112 0.000000 0.915150 1.000000 1.000000 1.000000
1375.768433 0.000000 1686.399048 0.000000 0.977398 0.000000 0.211408 1.000000 1.000000 1.000000
1381.917603 0.000000 1689.625610 0.000000 0.519319 0.000000 0.854580 1.000000 1.000000 1.000000
1379.455444 0.000000 1686.505615 0.000000 0.816103 0.000000 0.577907 1.000000 1.000000 1.000000
1367.809082 0.000000 1706.139771 0.000000 0.953321 0.000000 -0.301957 1.000000 1.000000 1.000000
1347.755249 0.000000 1709.829590 0.000000 0.970906 0.000000 0.239460 1.000000 1.000000 1.000000
1343.860718 0.000000 1696.816284 0.000000 0.408384 0.000000 -0.912810 1.000000 1.000000 1.000000
1359.138428 0.000000 1709.297119 0.000000 0.742225 0.000000 -0.670151 1.000000 1.000000 1.000000
1363.634644 0.000000 1707.959595 0.000000 0.419285 0.000000 -0.907855 1.000000 1.000000 1.000000
1371.355225 0.000000 1705.433228 0.000000 0.466189 0.000000 0.884685 1.000000 1.000000 1.000000
1344.833008 0.000000 1699.900146 0.000000 0.007858 0.000000 0.999969 1.000000 1.000000 1.000000
1347.067993 0.000000 1697.513428 0.000000 0.863087 0.000000 0.505055 1.000000 1.000000 1.000000
1346.352539 0.000000 1707.331055 0.000000 0.764002 0.000000 -0.645214 1.000000 1.000000 1.000000
1349.257324 0.000000 1707.703369 0.000000 0.065715 0.000000 0.997838 1.000000 1.000000 1.000000
1365.274170 0.000000 1706.057861 0.000000 0.243974 0.000000 -0.969782 1.000000 1.000000 1.000000
1361.218628 0.000000 1707.972290 0.000000 0.902147 0.000000 -0.431430 1.000000 1.000000 1.000000
1370.725830 0.000000 1703.061035 0.000000 0.218727 0.000000 -0.975786 1.000000 1.000000 1.000000
1349.974365 0.000000 1709.984253 0.000000 0.999829 0.000000 -0.018468 1.000000 1.000000 1.000000
1369.196777 0.000000 1704.533203 0.000000 0.087207 0.000000 0.996190 1.000000 1.000000 1.000000
1345.758545 0.000000 1695.796753 0.000000 0.970296 0.000000 -0.241922 1.000000 1.000000 1.000000
1362.314453 0.000000 1709.687378 0.000000 0.088401 0.000000 -0.996085 1.000000 1.000000 1.000000
1346.667847 0.000000 1700.755127 0.000000 0.632392 0.000000 0.774648 1.000000 1.000000 1.000000
1345.314575 0.000000 1698.105225 0.000000 0.999943 0.000000 0.010667 1.000000 1.000000 1.000000
1345.344849 0.000000 1701.700317 0.000000 0.984846 0.000000 -0.173433 1.000000 1.000000 1.000000
1360.675537 0.000000 1709.750977 0.000000 0.885156 0.000000 0.465294 1.000000 1.000000 1.000000
1347.672852 0.000000 1708.228516 0.000000 0.999842 0.000000 0.017760 1.000000 1.000000 1.000000
1362.408936 0.000000 1706.995361 0.000000 0.295687 0.000000 0.955285 1.000000 1.000000 1.000000
1363.948242 0.000000 1706.600098 0.000000 0.860575 0.000000 0.509324 1.000000 1.000000 1.000000
1399.801270 0.000000 1706.139771 0.000000 0.955901 0.000000 0.293690 1.000000 1.000000 1.000000
1395.626831 0.000000 1707.959595 0.000000 0.172922 0.000000 0.984936 1.000000 1.000000 1.000000
1403.347412 0.000000 1705.433228 0.000000 0.830263 0.000000 0.557372 1.000000 1.000000 1.000000
1379.060181 0.000000 1697.513428 0.000000 0.078264 0.000000 0.996933 1.000000 1.000000 1.000000
1401.887573 0.000000 1707.718994 0.000000 0.006336 0.000000 -0.999980 1.000000 1.000000 1.000000
1397.266357 0.000000 1706.057861 0.000000 0.921094 0.000000 0.389339 1.000000 1.000000 1.000000
1398.372925 0.000000 1708.102783 0.000000 0.122019 0.000000 -0.992528 1.000000 1.000000 1.000000
1401.188965 0.000000 1704.533203 0.000000 0.536854 0.000000 0.843675 1.000000 1.000000 1.000000
1377.750732 0.000000 1695.796753 0.000000 0.734409 0.000000 0.678707 1.000000 1.000000 1.000000
1394.306641 0.000000 1709.687378 0.000000 0.199424 0.000000 0.979913 1.000000 1.000000 1.000000
1404.712769 0.000000 1704.066162 0.000000 0.807698 0.000000 0.589597 1.000000 1.000000 1.000000
1379.707886 0.000000 1695.838867 0.000000 0.530302 0.000000 0.847809 1.000000 1.000000 1.000000
1401.768433 0.000000 1706.032715 0.000000 0.457521 0.000000 -0.889199 1.000000 1.000000 1.000000
1399.932373 0.000000 1707.745972 0.000000 0.381912 0.000000 -0.924199 1.000000 1.000000 1.000000
1396.928101 0.000000 1708.906494 0.000000 0.394582 0.000000 0.918861 1.000000 1.000000 1.000000
1310.508057 0.000000 1727.559570 0.000000 0.960442 0.000000 -0.278479 1.000000 1.000000 1.000000
1317.372070 0.000000 1727.547852 0.000000 0.669725 0.000000 -0.742610 1.000000 1.000000 1.000000
1322.467529 0.000000 1727.331421 0.000000 0.992080 0.000000 0.125607 1.000000 1.000000 1.000000
1313.766357 0.000000 1727.781128 0.000000 0.024367 0.000000 0.999703 1.000000 1.000000 1.000000
1320.445557 0.000000 1727.157349 0.000000 0.334944 0.000000 -0.942238 1.000000 1.000000 1.000000
1437.928833 0.000000 1693.540527 0.000000 0.231918 0.000000 0.972735 1.000000 1.000000 1.000000
1439.332397 0.000000 1691.215454 0.000000 0.202913 0.000000 0.979197 1.000000 1.000000 1.000000
1447.868042 0.000000 1685.860596 0.000000 0.822656 0.000000 -0.568540 1.000000 1.000000 1.000000
1439.700073 0.000000 1693.715942 0.000000 0.429359 0.000000 -0.903134 1.000000 1.000000 1.000000
1446.639648 0.000000 1688.010864 0.000000 0.942585 0.000000 -0.333966 1.000000 1.000000 1.000000
1440.298950 0.000000 1691.453491 0.000000 0.857361 0.000000 -0.514715 1.000000 1.000000 1.000000
1445.677124 0.000000 1686.008545 0.000000 0.504078 0.000000 -0.863658 1.000000 1.000000 1.000000
1441.393311 0.000000 1693.828979 0.000000 0.824770 0.000000 0.565468 1.000000 1.000000 1.000000
1415.758301 0.000000 1708.461426 0.000000 0.584865 0.000000 -0.811131 1.000000 1.000000 1.000000
1412.058716 0.000000 1705.332275 0.000000 0.780185 0.000000 -0.625549 1.000000 1.000000 1.000000
1410.336914 0.000000 1707.331055 0.000000 0.929829 0.000000 -0.367992 1.000000 1.000000 1.000000
1413.241699 0.000000 1707.703369 0.000000 0.596209 0.000000 0.802829 1.000000 1.000000 1.000000
1417.594849 0.000000 1705.907471 0.000000 0.049969 0.000000 0.998751 1.000000 1.000000 1.000000
1418.046997 0.000000 1704.090210 0.000000 0.999787 0.000000 -0.020647 1.000000 1.000000 1.000000
1419.048096 0.000000 1705.249146 0.000000 0.508215 0.000000 0.861230 1.000000 1.000000 1.000000
"}
