object={
	name="reeds_01_generator_1_0"
	render_pass=Map
	clamp_to_water_level=no
	generated_content=yes
	layer="grass_layer"
	pdxmesh="reeds_06_grass_mesh"
	count=112
	transform="127.566307 0.000000 483.216614 0.000000 0.306638 0.000000 0.951826 0.798816 0.798816 0.798816
124.115784 0.000000 481.004883 0.000000 0.701038 0.000000 0.713124 0.746288 0.746288 0.746288
759.957520 0.000000 202.874100 0.000000 0.301290 0.000000 0.953532 0.974740 0.974740 0.974740
761.666565 0.000000 210.318268 0.000000 0.387113 0.000000 0.922032 0.926770 0.926770 0.926770
760.999207 0.000000 222.095154 0.000000 0.446531 0.000000 0.894768 0.964043 0.964043 0.964043
762.154785 0.000000 215.059845 0.000000 0.141795 0.000000 0.989896 0.910841 0.910841 0.910841
763.503662 0.000000 202.167648 0.000000 0.323134 0.000000 0.946353 0.953498 0.953498 0.953498
761.406006 0.000000 219.182205 0.000000 0.424760 0.000000 0.905306 0.957605 0.957605 0.957605
766.900818 0.000000 217.442871 0.000000 0.429656 0.000000 0.902992 0.935305 0.935305 0.935305
764.969299 0.000000 207.896042 0.000000 0.267798 0.000000 0.963475 0.918882 0.918882 0.918882
764.652344 0.000000 215.747528 0.000000 0.303430 0.000000 0.952854 0.921202 0.921202 0.921202
760.768921 0.000000 208.244415 0.000000 0.446847 0.000000 0.894610 0.933638 0.933638 0.933638
766.972290 0.000000 211.973358 0.000000 0.064289 0.000000 0.997931 0.902215 0.902215 0.902215
763.961792 0.000000 213.779480 0.000000 0.391125 0.000000 0.920337 0.924124 0.924124 0.924124
763.344421 0.000000 224.266815 0.000000 0.065019 0.000000 0.997884 0.951131 0.951131 0.951131
760.697693 0.000000 230.628464 0.000000 0.022443 0.000000 0.999748 0.949748 0.949748 0.949748
759.593506 0.000000 224.602753 0.000000 0.240717 0.000000 0.970595 0.956910 0.956910 0.956910
763.503662 0.000000 234.152023 0.000000 0.636118 0.000000 0.771592 0.960395 0.960395 0.960395
765.649597 0.000000 227.078949 0.000000 0.486387 0.000000 0.873743 0.957545 0.957545 0.957545
762.260132 0.000000 227.539780 0.000000 0.379054 0.000000 0.925375 0.961637 0.961637 0.961637
766.532104 0.000000 234.298721 0.000000 0.649908 0.000000 0.760013 0.943961 0.943961 0.943961
762.874207 0.000000 231.779846 0.000000 0.369442 0.000000 0.929254 0.946417 0.946417 0.946417
770.593384 0.000000 221.177094 0.000000 0.655920 0.000000 0.754830 0.972238 0.972238 0.972238
771.895874 0.000000 206.563965 0.000000 0.656735 0.000000 0.754121 0.961609 0.961609 0.961609
782.064575 0.000000 223.383392 0.000000 0.108156 0.000000 0.994134 0.974443 0.974443 0.974443
771.940796 0.000000 213.646698 0.000000 0.026239 0.000000 0.999656 0.903599 0.903599 0.903599
770.439026 0.000000 210.917053 0.000000 0.714872 0.000000 0.699256 0.953603 0.953603 0.953603
770.493164 0.000000 204.065445 0.000000 0.562570 0.000000 0.826750 0.965981 0.965981 0.965981
770.268372 0.000000 218.609955 0.000000 0.676262 0.000000 0.736661 0.968988 0.968988 0.968988
779.297729 0.000000 239.601868 0.000000 0.133551 0.000000 0.991042 0.967716 0.967716 0.967716
773.504822 0.000000 224.282196 0.000000 0.362624 0.000000 0.931936 0.955073 0.955073 0.955073
773.498352 0.000000 242.789383 0.000000 0.420665 0.000000 0.907216 0.977299 0.977299 0.977299
775.603271 0.000000 240.360245 0.000000 0.485472 0.000000 0.874252 0.962815 0.962815 0.962815
771.208618 0.000000 226.232117 0.000000 0.667081 0.000000 0.744985 0.960131 0.960131 0.960131
778.564331 0.000000 237.018478 0.000000 0.654680 0.000000 0.755906 0.972185 0.972185 0.972185
769.194092 0.000000 238.657196 0.000000 0.185714 0.000000 0.982604 0.917075 0.917075 0.917075
773.865601 0.000000 226.691467 0.000000 0.730094 0.000000 0.683346 0.962435 0.962435 0.962435
774.114990 0.000000 238.703003 0.000000 0.094069 0.000000 0.995566 0.922586 0.922586 0.922586
777.000732 0.000000 230.541687 0.000000 0.530654 0.000000 0.847589 0.946974 0.946974 0.946974
745.197815 0.000000 322.884552 0.000000 0.644354 0.000000 0.764728 0.902191 0.902191 0.902191
893.803955 0.000000 686.138794 0.000000 0.126670 0.000000 0.991945 0.315149 0.315149 0.315149
899.864624 0.000000 686.329590 0.000000 0.704086 0.000000 0.710114 0.873829 0.873829 0.873829
1651.269775 0.000000 1191.135864 0.000000 0.175405 0.000000 0.984496 0.777191 0.777191 0.777191
1738.329956 0.000000 1228.534058 0.000000 0.548792 0.000000 0.835959 0.841838 0.841838 0.841838
1954.149902 0.000000 1330.370117 0.000000 0.225115 0.000000 0.974332 0.570598 0.570598 0.570598
1981.137207 0.000000 1624.754272 0.000000 0.102593 0.000000 0.994723 0.765441 0.765441 0.765441
1982.754395 0.000000 1628.551270 0.000000 0.114113 0.000000 0.993468 0.305513 0.305513 0.305513
1981.307373 0.000000 1630.972534 0.000000 0.617501 0.000000 0.786570 0.855362 0.855362 0.855362
1980.573242 0.000000 1629.421875 0.000000 0.361409 0.000000 0.932407 0.616205 0.616205 0.616205
1981.845459 0.000000 1628.634521 0.000000 0.442427 0.000000 0.896804 0.644494 0.644494 0.644494
1980.465942 0.000000 1627.679321 0.000000 0.440737 0.000000 0.897636 0.468620 0.468620 0.468620
1983.314697 0.000000 1654.622192 0.000000 0.487255 0.000000 0.873259 0.660676 0.660676 0.660676
1979.581787 0.000000 1661.303101 0.000000 0.252526 0.000000 0.967590 0.162522 0.162522 0.162522
1982.059082 0.000000 1654.276978 0.000000 0.427116 0.000000 0.904197 0.639060 0.639060 0.639060
1977.846802 0.000000 1659.136963 0.000000 0.069069 0.000000 0.997612 0.283942 0.283942 0.283942
1978.247192 0.000000 1663.082886 0.000000 0.702696 0.000000 0.711490 0.747032 0.747032 0.747032
1982.266968 0.000000 1650.471924 0.000000 0.322185 0.000000 0.946677 0.208835 0.208835 0.208835
1981.118774 0.000000 1662.086182 0.000000 0.272374 0.000000 0.962192 0.586192 0.586192 0.586192
1985.461670 0.000000 1627.130249 0.000000 0.589854 0.000000 0.807510 0.551809 0.551809 0.551809
1983.548218 0.000000 1626.558105 0.000000 0.706796 0.000000 0.707417 0.501683 0.501683 0.501683
1987.117798 0.000000 1628.171021 0.000000 0.396894 0.000000 0.917865 0.445593 0.445593 0.445593
1987.289307 0.000000 1629.015625 0.000000 0.420372 0.000000 0.907352 0.457860 0.457860 0.457860
1983.873047 0.000000 1648.281006 0.000000 0.664520 0.000000 0.747270 0.730311 0.730311 0.730311
1987.643921 0.000000 1652.943604 0.000000 0.686454 0.000000 0.727174 0.739817 0.739817 0.739817
1986.142090 0.000000 1650.213867 0.000000 0.595645 0.000000 0.803248 0.722897 0.722897 0.722897
1986.196289 0.000000 1643.362305 0.000000 0.453677 0.000000 0.891166 0.632039 0.632039 0.632039
1987.516602 0.000000 1644.259766 0.000000 0.429791 0.000000 0.902928 0.696256 0.696256 0.696256
1984.700317 0.000000 1649.593506 0.000000 0.553123 0.000000 0.833100 0.604210 0.604210 0.604210
1991.437988 0.000000 1645.941772 0.000000 0.026477 0.000000 0.999649 0.822649 0.822649 0.822649
1989.405518 0.000000 1640.437622 0.000000 0.071052 0.000000 0.997473 0.760382 0.760382 0.760382
1990.202026 0.000000 1644.614624 0.000000 0.381471 0.000000 0.924381 0.864555 0.864555 0.864555
1989.024780 0.000000 1642.239990 0.000000 0.018234 0.000000 0.999834 0.751933 0.751933 0.751933
1986.194946 0.000000 1653.582031 0.000000 0.270309 0.000000 0.962774 0.585507 0.585507 0.585507
1987.445923 0.000000 1649.696167 0.000000 0.445049 0.000000 0.895506 0.880886 0.880886 0.880886
1988.718262 0.000000 1645.055176 0.000000 0.252489 0.000000 0.967600 0.523774 0.523774 0.523774
1985.461670 0.000000 1659.114624 0.000000 0.066869 0.000000 0.997762 0.042602 0.042602 0.042602
1985.009521 0.000000 1653.817505 0.000000 0.209242 0.000000 0.977864 0.351498 0.351498 0.351498
1983.903564 0.000000 1655.450317 0.000000 0.361335 0.000000 0.932436 0.616179 0.616179 0.616179
1986.785522 0.000000 1655.436401 0.000000 0.203636 0.000000 0.979047 0.130552 0.130552 0.130552
1987.178223 0.000000 1652.036133 0.000000 0.271878 0.000000 0.962332 0.586028 0.586028 0.586028
1987.715088 0.000000 1659.477783 0.000000 0.520564 0.000000 0.853823 0.512056 0.512056 0.512056
1986.686279 0.000000 1652.830078 0.000000 0.076292 0.000000 0.997086 0.522443 0.522443 0.522443
1986.421753 0.000000 1654.427124 0.000000 0.268749 0.000000 0.963210 0.173221 0.173221 0.173221
1987.064819 0.000000 1653.675781 0.000000 0.149552 0.000000 0.988754 0.546010 0.546010 0.546010
1986.581177 0.000000 1657.179199 0.000000 0.159200 0.000000 0.987246 0.101783 0.101783 0.101783
1987.355713 0.000000 1642.043091 0.000000 0.617596 0.000000 0.786496 0.697205 0.697205 0.697205
1983.714355 0.000000 1657.647095 0.000000 0.187128 0.000000 0.982336 0.119836 0.119836 0.119836
1982.343994 0.000000 1663.590820 0.000000 0.711705 0.000000 0.702479 0.504153 0.504153 0.504153
1978.577393 0.000000 1671.076660 0.000000 0.213016 0.000000 0.977049 0.566636 0.566636 0.566636
1980.709351 0.000000 1664.171631 0.000000 0.451799 0.000000 0.892120 0.298435 0.298435 0.298435
1976.128052 0.000000 1671.322998 0.000000 0.430162 0.000000 0.902752 0.513624 0.513624 0.513624
1979.399780 0.000000 1669.964233 0.000000 0.629164 0.000000 0.777273 0.715491 0.715491 0.715491
1977.365112 0.000000 1671.344482 0.000000 0.263434 0.000000 0.964678 0.436705 0.436705 0.436705
1981.302490 0.000000 1663.214233 0.000000 0.715858 0.000000 0.698246 0.752999 0.752999 0.752999
1979.927368 0.000000 1669.045532 0.000000 0.307359 0.000000 0.951594 0.597874 0.597874 0.597874
1981.676270 0.000000 1664.598145 0.000000 0.695084 0.000000 0.718928 0.489266 0.489266 0.489266
1980.737549 0.000000 1667.105225 0.000000 0.382838 0.000000 0.923815 0.623583 0.623583 0.623583
1981.603882 0.000000 1665.508789 0.000000 0.476138 0.000000 0.879371 0.315928 0.315928 0.315928
1983.784058 0.000000 1663.260620 0.000000 0.024588 0.000000 0.999698 0.015655 0.015655 0.015655
3406.638428 0.000000 909.687805 0.000000 0.643556 0.000000 0.765399 0.952125 0.952125 0.952125
3403.873779 0.000000 913.922668 0.000000 0.047920 0.000000 0.998851 0.771887 0.771887 0.771887
3402.269531 0.000000 912.492737 0.000000 0.580900 0.000000 0.813975 0.857553 0.857553 0.857553
3448.666260 0.000000 900.645752 0.000000 0.209735 0.000000 0.977758 0.782782 0.782782 0.782782
3409.771484 0.000000 950.499695 0.000000 0.080536 0.000000 0.996752 0.761901 0.761901 0.761901
3408.041992 0.000000 951.017273 0.000000 0.042067 0.000000 0.999115 0.755743 0.755743 0.755743
3421.464600 0.000000 933.742432 0.000000 0.021108 0.000000 0.999777 0.752393 0.752393 0.752393
3431.929932 0.000000 959.532349 0.000000 0.578758 0.000000 0.815499 0.847636 0.847636 0.847636
3450.776855 0.000000 971.417908 0.000000 0.712430 0.000000 0.701743 0.875717 0.875717 0.875717
3457.406738 0.000000 897.443176 0.000000 0.188903 0.000000 0.981996 0.779385 0.779385 0.779385
2546.055908 0.000000 1295.935425 0.000000 0.130048 0.000000 0.991508 0.769858 0.769858 0.769858
2547.273682 0.000000 1295.597412 0.000000 0.489777 0.000000 0.871848 0.830800 0.830800 0.830800
3345.981445 0.000000 1094.331787 0.000000 0.372645 0.000000 0.927974 0.810032 0.810032 0.810032
"}
object={
	name="reeds_01_generator_1_1"
	render_pass=Map
	clamp_to_water_level=no
	generated_content=yes
	layer="grass_layer"
	pdxmesh="reeds_07_grass_mesh"
	count=103
	transform="125.162491 0.000000 480.749756 0.000000 0.928805 0.000000 0.370568 0.878689 0.878689 0.878689
131.364883 0.000000 482.107117 0.000000 0.845641 0.000000 0.533753 0.910039 0.910039 0.910039
127.983635 0.000000 483.105133 0.000000 0.767808 0.000000 0.640680 0.888892 0.888892 0.888892
754.419922 0.000000 214.859055 0.000000 0.921731 0.000000 0.387830 0.996023 0.996023 0.996023
755.979980 0.000000 222.867142 0.000000 0.967338 0.000000 0.253491 0.994881 0.994881 0.994881
765.022888 0.000000 198.667892 0.000000 0.770610 0.000000 0.637307 0.991374 0.991374 0.991374
766.452271 0.000000 209.977081 0.000000 0.962850 0.000000 0.270038 0.982251 0.982251 0.982251
755.293335 0.000000 218.093903 0.000000 0.777194 0.000000 0.629262 0.984708 0.984708 0.984708
767.496460 0.000000 219.934219 0.000000 0.949669 0.000000 0.313257 0.985682 0.985682 0.985682
761.753479 0.000000 212.753860 0.000000 0.837180 0.000000 0.546927 0.966771 0.966771 0.966771
766.825012 0.000000 206.852417 0.000000 0.785405 0.000000 0.618982 0.958342 0.958342 0.958342
763.706543 0.000000 209.546906 0.000000 0.793587 0.000000 0.608456 0.957541 0.957541 0.957541
760.668030 0.000000 206.093658 0.000000 0.758223 0.000000 0.651995 0.960992 0.960992 0.960992
762.577698 0.000000 238.997513 0.000000 0.803714 0.000000 0.595015 0.980908 0.980908 0.980908
766.640930 0.000000 224.293961 0.000000 0.835416 0.000000 0.549618 0.979661 0.979661 0.979661
764.969299 0.000000 239.880417 0.000000 0.762064 0.000000 0.647502 0.968350 0.968350 0.968350
764.868958 0.000000 232.784943 0.000000 0.912422 0.000000 0.409250 0.975790 0.975790 0.975790
767.146667 0.000000 236.044479 0.000000 0.787982 0.000000 0.615698 0.958603 0.958603 0.958603
778.294189 0.000000 221.422180 0.000000 0.883586 0.000000 0.468270 0.984184 0.984184 0.984184
776.032043 0.000000 214.579330 0.000000 0.996576 0.000000 0.082677 0.997934 0.997934 0.997934
772.092896 0.000000 216.833984 0.000000 0.893845 0.000000 0.448377 0.982589 0.982589 0.982589
767.928345 0.000000 204.341446 0.000000 0.941194 0.000000 0.337865 0.981071 0.981071 0.981071
768.169983 0.000000 208.984146 0.000000 0.900649 0.000000 0.434547 0.970821 0.970821 0.970821
771.895630 0.000000 208.992996 0.000000 0.978915 0.000000 0.204266 0.988701 0.988701 0.988701
767.916870 0.000000 215.117844 0.000000 0.746730 0.000000 0.665127 0.952767 0.952767 0.952767
768.564026 0.000000 231.815582 0.000000 0.769231 0.000000 0.638971 0.955007 0.955007 0.955007
781.995972 0.000000 227.720474 0.000000 0.995975 0.000000 0.089626 0.997311 0.997311 0.997311
772.214966 0.000000 234.051010 0.000000 0.935568 0.000000 0.353148 0.976572 0.976572 0.976572
779.553650 0.000000 226.539825 0.000000 0.990473 0.000000 0.137704 0.995517 0.995517 0.995517
770.493164 0.000000 236.049820 0.000000 0.958627 0.000000 0.284664 0.981263 0.981263 0.981263
773.397949 0.000000 236.422104 0.000000 0.868035 0.000000 0.496503 0.966275 0.966275 0.966275
768.985352 0.000000 234.176147 0.000000 0.985652 0.000000 0.168790 0.988991 0.988991 0.988991
770.808472 0.000000 229.473907 0.000000 0.922801 0.000000 0.385276 0.977290 0.977290 0.977290
770.558777 0.000000 233.048340 0.000000 0.749312 0.000000 0.662217 0.953020 0.953020 0.953020
892.938049 0.000000 687.661682 0.000000 0.824960 0.000000 0.565190 0.715079 0.715079 0.715079
894.793762 0.000000 686.618042 0.000000 0.993517 0.000000 0.113684 0.981796 0.981796 0.981796
898.481506 0.000000 685.762756 0.000000 0.818454 0.000000 0.574571 0.902202 0.902202 0.902202
1650.395386 0.000000 1190.284912 0.000000 0.901494 0.000000 0.432792 0.928485 0.928485 0.928485
1731.980591 0.000000 1225.566650 0.000000 0.897500 0.000000 0.441014 0.927024 0.927024 0.927024
1730.324341 0.000000 1224.563965 0.000000 0.813169 0.000000 0.582027 0.900742 0.900742 0.900742
1739.704224 0.000000 1228.066284 0.000000 0.979450 0.000000 0.201685 0.967552 0.967552 0.967552
1739.277100 0.000000 1229.679321 0.000000 0.934634 0.000000 0.355612 0.941909 0.941909 0.941909
1981.796021 0.000000 1629.571777 0.000000 0.792405 0.000000 0.609995 0.790352 0.790352 0.790352
1981.112671 0.000000 1626.992432 0.000000 0.996252 0.000000 0.086499 0.958702 0.958702 0.958702
1980.824463 0.000000 1628.463257 0.000000 0.984712 0.000000 0.174189 0.944051 0.944051 0.944051
1982.697510 0.000000 1629.530273 0.000000 0.910139 0.000000 0.414303 0.796305 0.796305 0.796305
1980.031616 0.000000 1628.647217 0.000000 0.933058 0.000000 0.359726 0.882411 0.882411 0.882411
1981.296143 0.000000 1627.770630 0.000000 0.963341 0.000000 0.268280 0.870487 0.870487 0.870487
1979.840942 0.000000 1657.373657 0.000000 0.972549 0.000000 0.232699 0.924951 0.924951 0.924951
1976.702271 0.000000 1661.391968 0.000000 0.939707 0.000000 0.341982 0.777804 0.777804 0.777804
1982.603882 0.000000 1656.739746 0.000000 0.781824 0.000000 0.623500 0.571421 0.571421 0.571421
1978.705933 0.000000 1658.583862 0.000000 0.822745 0.000000 0.568411 0.615117 0.615117 0.615117
1977.704834 0.000000 1660.103882 0.000000 0.939713 0.000000 0.341963 0.777816 0.777816 0.777816
1980.911987 0.000000 1651.927979 0.000000 0.806535 0.000000 0.591187 0.797870 0.797870 0.797870
1982.812744 0.000000 1662.554199 0.000000 0.775132 0.000000 0.631799 0.564633 0.564633 0.564633
1981.307373 0.000000 1662.956909 0.000000 0.992866 0.000000 0.119233 0.961807 0.961807 0.961807
1978.452637 0.000000 1661.004395 0.000000 0.838543 0.000000 0.544835 0.633185 0.633185 0.633185
1983.386475 0.000000 1657.843506 0.000000 0.803867 0.000000 0.594809 0.594455 0.594455 0.594455
1983.268188 0.000000 1655.752563 0.000000 0.832307 0.000000 0.554315 0.812247 0.812247 0.812247
1981.936157 0.000000 1652.026001 0.000000 0.974424 0.000000 0.224717 0.891923 0.891923 0.891923
1980.573242 0.000000 1661.406250 0.000000 0.800060 0.000000 0.599920 0.590398 0.590398 0.590398
1979.396973 0.000000 1662.654053 0.000000 0.812809 0.000000 0.582530 0.801287 0.801287 0.801287
1981.845459 0.000000 1660.618896 0.000000 0.992966 0.000000 0.118400 0.924447 0.924447 0.924447
1981.977905 0.000000 1662.441162 0.000000 0.839020 0.000000 0.544101 0.816153 0.816153 0.816153
1980.031616 0.000000 1660.631592 0.000000 0.967932 0.000000 0.251212 0.838342 0.838342 0.838342
1986.296509 0.000000 1628.489624 0.000000 0.966974 0.000000 0.254873 0.877110 0.877110 0.877110
1985.971558 0.000000 1625.922485 0.000000 0.992334 0.000000 0.123582 0.980204 0.980204 0.980204
1987.142090 0.000000 1629.859619 0.000000 0.886467 0.000000 0.462792 0.770572 0.770572 0.770572
1984.932129 0.000000 1628.608521 0.000000 0.986079 0.000000 0.166275 0.920343 0.920343 0.920343
1983.535278 0.000000 1628.505127 0.000000 0.922589 0.000000 0.385785 0.811143 0.811143 0.811143
1984.948242 0.000000 1627.777466 0.000000 0.985536 0.000000 0.169467 0.918799 0.918799 0.918799
1984.504028 0.000000 1652.703125 0.000000 0.745698 0.000000 0.666284 0.652281 0.652281 0.652281
1987.598999 0.000000 1645.860840 0.000000 0.752055 0.000000 0.659100 0.805970 0.805970 0.805970
1987.796021 0.000000 1656.130859 0.000000 0.936965 0.000000 0.349423 0.772756 0.772756 0.772756
1983.766602 0.000000 1656.754883 0.000000 0.897792 0.000000 0.440419 0.709660 0.709660 0.709660
1983.567261 0.000000 1661.731567 0.000000 0.860866 0.000000 0.508831 0.745450 0.745450 0.745450
1985.971558 0.000000 1657.906860 0.000000 0.737167 0.000000 0.675710 0.527674 0.527674 0.527674
1990.316040 0.000000 1641.591187 0.000000 0.993648 0.000000 0.112529 0.981982 0.981982 0.981982
1983.619995 0.000000 1654.414673 0.000000 0.903572 0.000000 0.428435 0.858512 0.858512 0.858512
1986.261841 0.000000 1640.360840 0.000000 0.945826 0.000000 0.324675 0.947166 0.947166 0.947166
1986.150024 0.000000 1652.034546 0.000000 0.868405 0.000000 0.495855 0.834207 0.834207 0.834207
1987.559448 0.000000 1631.870117 0.000000 0.964078 0.000000 0.265619 0.957044 0.957044 0.957044
1987.307007 0.000000 1654.521240 0.000000 0.739886 0.000000 0.672733 0.530241 0.530241 0.530241
1986.215942 0.000000 1645.293945 0.000000 0.828243 0.000000 0.560369 0.839617 0.839617 0.839617
1985.213745 0.000000 1657.052368 0.000000 0.972635 0.000000 0.232337 0.850725 0.850725 0.850725
1985.285889 0.000000 1648.692993 0.000000 0.751774 0.000000 0.659421 0.710581 0.710581 0.710581
1985.417114 0.000000 1662.902466 0.000000 0.858837 0.000000 0.512248 0.657625 0.657625 0.657625
1987.151611 0.000000 1643.483765 0.000000 0.973855 0.000000 0.227172 0.923333 0.923333 0.923333
1989.533447 0.000000 1645.238403 0.000000 0.862562 0.000000 0.505951 0.807965 0.807965 0.807965
1984.172607 0.000000 1653.777588 0.000000 0.760486 0.000000 0.649355 0.663000 0.663000 0.663000
1986.159790 0.000000 1659.663086 0.000000 0.835914 0.000000 0.548860 0.722955 0.722955 0.722955
1984.948242 0.000000 1659.761841 0.000000 0.987259 0.000000 0.159124 0.898266 0.898266 0.898266
1985.246582 0.000000 1658.276001 0.000000 0.870887 0.000000 0.491482 0.672910 0.672910 0.672910
1979.047607 0.000000 1663.563721 0.000000 0.896871 0.000000 0.442291 0.853594 0.853594 0.853594
1984.919678 0.000000 1663.302368 0.000000 0.904155 0.000000 0.427205 0.718997 0.718997 0.718997
3403.627930 0.000000 912.465698 0.000000 0.896288 0.000000 0.443473 0.931175 0.931175 0.931175
3431.351562 0.000000 958.608154 0.000000 0.929786 0.000000 0.368102 0.939769 0.939769 0.939769
3428.624756 0.000000 956.056458 0.000000 0.939430 0.000000 0.342740 0.944104 0.944104 0.944104
3428.780273 0.000000 957.244629 0.000000 0.994126 0.000000 0.108231 0.982673 0.982673 0.982673
3424.227783 0.000000 943.661804 0.000000 0.974804 0.000000 0.223065 0.928113 0.928113 0.928113
3425.481689 0.000000 942.867615 0.000000 0.986670 0.000000 0.162736 0.947764 0.947764 0.947764
3440.653809 0.000000 961.381958 0.000000 0.996104 0.000000 0.088187 0.985891 0.985891 0.985891
2557.492676 0.000000 1315.706543 0.000000 0.949476 0.000000 0.313840 0.948993 0.948993 0.948993
"}
object={
	name="reeds_01_generator_1_2"
	render_pass=Map
	clamp_to_water_level=no
	generated_content=yes
	layer="grass_layer"
	pdxmesh="reeds_01_tall_grass_mesh"
	count=237
	transform="125.160789 0.000000 481.920685 0.000000 0.091935 0.000000 -0.995765 1.472541 1.472541 1.472541
128.157547 0.000000 481.410095 0.000000 0.794041 0.000000 -0.607864 1.104394 1.104394 1.104394
130.914658 0.000000 483.710785 0.000000 0.161400 0.000000 -0.986889 1.225079 1.225079 1.225079
764.137817 0.000000 218.076721 0.000000 0.439203 0.000000 -0.898388 1.050154 1.050154 1.050154
765.452209 0.000000 205.198517 0.000000 0.739292 0.000000 -0.673385 1.040577 1.040577 1.040577
758.638428 0.000000 218.127274 0.000000 0.557231 0.000000 -0.830358 1.031798 1.031798 1.031798
766.092834 0.000000 222.259247 0.000000 0.433636 0.000000 -0.901088 1.036423 1.036423 1.036423
766.046143 0.000000 213.805161 0.000000 0.999934 0.000000 -0.011481 1.000745 1.000745 1.000745
758.763306 0.000000 213.550766 0.000000 0.612664 0.000000 -0.790344 1.034129 1.034129 1.034129
758.887512 0.000000 207.044861 0.000000 0.285262 0.000000 -0.958450 1.051190 1.051190 1.051190
762.577698 0.000000 207.013138 0.000000 0.289392 0.000000 -0.957211 1.079715 1.079715 1.079715
758.426636 0.000000 210.095871 0.000000 0.997673 0.000000 -0.068183 1.002896 1.002896 1.002896
766.532104 0.000000 202.314346 0.000000 0.999952 0.000000 0.009809 0.999608 0.999608 0.999608
764.164734 0.000000 211.698944 0.000000 0.185650 0.000000 -0.982616 1.089840 1.089840 1.089840
758.292114 0.000000 221.009979 0.000000 0.339914 0.000000 -0.940457 1.039724 1.039724 1.039724
763.644897 0.000000 220.774399 0.000000 0.377189 0.000000 -0.926136 1.038428 1.038428 1.038428
762.043884 0.000000 204.453400 0.000000 0.991889 0.000000 -0.127108 1.006682 1.006682 1.006682
759.939758 0.000000 215.999542 0.000000 0.665562 0.000000 -0.746343 1.031552 1.031552 1.031552
767.611572 0.000000 215.325363 0.000000 0.444955 0.000000 -0.895553 1.072029 1.072029 1.072029
762.072571 0.000000 217.172638 0.000000 0.610417 0.000000 -0.792081 1.047930 1.047930 1.047930
759.957520 0.000000 234.858475 0.000000 0.759922 0.000000 -0.650014 1.010599 1.010599 1.010599
757.311523 0.000000 227.861420 0.000000 0.424597 0.000000 -0.905383 1.025441 1.025441 1.025441
765.022888 0.000000 230.652267 0.000000 0.986950 0.000000 -0.161029 1.009287 1.009287 1.009287
765.452209 0.000000 237.182892 0.000000 0.853377 0.000000 -0.521295 1.030119 1.030119 1.030119
766.452271 0.000000 241.961456 0.000000 0.442929 0.000000 -0.896557 1.041640 1.041640 1.041640
756.536560 0.000000 224.924240 0.000000 0.866233 0.000000 -0.499640 1.014368 1.014368 1.014368
762.043884 0.000000 236.437775 0.000000 0.474136 0.000000 -0.880452 1.043013 1.043013 1.043013
766.824341 0.000000 229.023727 0.000000 0.738786 0.000000 -0.673940 1.042464 1.042464 1.042464
766.707825 0.000000 232.122269 0.000000 0.965052 0.000000 -0.262059 1.017211 1.017211 1.017211
766.825012 0.000000 238.836792 0.000000 0.347950 0.000000 -0.937513 1.069790 1.069790 1.069790
768.564026 0.000000 199.831207 0.000000 0.413087 0.000000 -0.910692 1.008575 1.008575 1.008575
768.800842 0.000000 213.406189 0.000000 0.789168 0.000000 -0.614177 1.042928 1.042928 1.042928
783.467590 0.000000 219.866226 0.000000 0.952647 0.000000 -0.304079 1.003085 1.003085 1.003085
773.498352 0.000000 210.805008 0.000000 0.999836 0.000000 0.018126 0.999231 0.999231 0.999231
779.646362 0.000000 217.107605 0.000000 0.063021 0.000000 -0.998012 1.037641 1.037641 1.037641
768.063538 0.000000 217.458069 0.000000 0.115435 0.000000 -0.993315 1.079920 1.079920 1.079920
774.525696 0.000000 220.123291 0.000000 0.957723 0.000000 -0.287691 1.009471 1.009471 1.009471
767.864075 0.000000 222.434647 0.000000 0.748564 0.000000 -0.663063 1.023527 1.023527 1.023527
776.852112 0.000000 218.121735 0.000000 0.685562 0.000000 -0.728014 1.026465 1.026465 1.026465
772.993042 0.000000 222.747742 0.000000 0.910841 0.000000 -0.412758 1.013809 1.013809 1.013809
775.999939 0.000000 222.967514 0.000000 0.736872 0.000000 -0.676033 1.024094 1.024094 1.024094
770.603394 0.000000 223.865479 0.000000 0.999697 0.000000 0.024622 0.999201 0.999201 0.999201
769.194092 0.000000 206.672821 0.000000 0.995621 0.000000 -0.093478 1.005609 1.005609 1.005609
769.941467 0.000000 215.580643 0.000000 0.908074 0.000000 -0.418810 1.026971 1.026971 1.026971
767.830139 0.000000 211.301483 0.000000 0.349658 0.000000 -0.936877 1.078774 1.078774 1.078774
773.841248 0.000000 214.727264 0.000000 0.618288 0.000000 -0.785952 1.040634 1.040634 1.040634
768.800842 0.000000 245.390564 0.000000 0.331758 0.000000 -0.943364 1.006155 1.006155 1.006155
776.346741 0.000000 232.596008 0.000000 0.999649 0.000000 -0.026489 1.001455 1.001455 1.001455
771.895874 0.000000 238.548340 0.000000 0.764222 0.000000 -0.644953 1.043750 1.043750 1.043750
768.001282 0.000000 225.535080 0.000000 0.002588 0.000000 -0.999997 1.054811 1.054811 1.054811
772.651794 0.000000 229.010620 0.000000 0.900199 0.000000 -0.435480 1.026997 1.026997 1.026997
778.600281 0.000000 224.065796 0.000000 0.885748 0.000000 -0.464166 1.015666 1.015666 1.015666
767.928345 0.000000 236.325821 0.000000 0.824598 0.000000 -0.565720 1.037530 1.037530 1.037530
768.169983 0.000000 240.968521 0.000000 0.945617 0.000000 -0.325283 1.014888 1.014888 1.014888
780.320435 0.000000 235.052872 0.000000 0.994871 0.000000 -0.101152 1.003036 1.003036 1.003036
777.632690 0.000000 228.399796 0.000000 0.600807 0.000000 -0.799394 1.041625 1.041625 1.041625
775.914551 0.000000 237.180176 0.000000 0.846243 0.000000 -0.532797 1.033668 1.033668 1.033668
782.198669 0.000000 231.542816 0.000000 0.995663 0.000000 -0.093029 1.002093 1.002093 1.002093
768.973633 0.000000 228.618881 0.000000 0.819989 0.000000 -0.572379 1.038035 1.038035 1.038035
779.176758 0.000000 231.047363 0.000000 0.783441 0.000000 -0.621466 1.026787 1.026787 1.026787
776.109985 0.000000 225.765839 0.000000 1.000000 0.000000 -0.000891 1.000029 1.000029 1.000029
773.742859 0.000000 231.601700 0.000000 0.691249 0.000000 -0.722617 1.052420 1.052420 1.052420
775.183472 0.000000 229.470337 0.000000 0.520934 0.000000 -0.853597 1.053626 1.053626 1.053626
771.226685 0.000000 231.339233 0.000000 0.752598 0.000000 -0.658480 1.046657 1.046657 1.046657
777.751160 0.000000 234.626266 0.000000 0.252280 0.000000 -0.967654 1.068982 1.068982 1.068982
771.895630 0.000000 240.977371 0.000000 0.999536 0.000000 0.030455 0.998555 0.998555 0.998555
774.612854 0.000000 234.278671 0.000000 0.056303 0.000000 -0.998414 1.094523 1.094523 1.094523
767.875488 0.000000 230.131485 0.000000 0.735760 0.000000 -0.677242 1.046436 1.046436 1.046436
892.681274 0.000000 686.228882 0.000000 0.999975 0.000000 0.007137 0.996615 0.996615 0.996615
893.905640 0.000000 687.203003 0.000000 0.987001 0.000000 -0.160711 1.076564 1.076564 1.076564
897.263855 0.000000 684.876648 0.000000 0.883221 0.000000 -0.468957 1.077990 1.077990 1.077990
895.819275 0.000000 687.204956 0.000000 0.339803 0.000000 -0.940497 1.195584 1.195584 1.195584
899.782227 0.000000 684.728516 0.000000 0.672868 0.000000 -0.739763 1.133051 1.133051 1.133051
899.115906 0.000000 687.496033 0.000000 0.969426 0.000000 -0.245386 1.039612 1.039612 1.039612
1730.544312 0.000000 1225.997192 0.000000 0.919012 0.000000 -0.394230 1.064747 1.064747 1.064747
1730.974243 0.000000 1249.732178 0.000000 0.903636 0.000000 -0.428302 1.070720 1.070720 1.070720
1731.621948 0.000000 1248.057617 0.000000 0.107063 0.000000 -0.994252 1.233841 1.233841 1.233841
1955.742065 0.000000 1331.316772 0.000000 0.234457 0.000000 -0.972126 1.426334 1.426334 1.426334
1952.708130 0.000000 1329.749756 0.000000 0.729540 0.000000 -0.683938 1.120337 1.120337 1.120337
1954.679443 0.000000 1331.245605 0.000000 0.990094 0.000000 -0.140405 1.045016 1.045016 1.045016
1982.603882 0.000000 1624.755371 0.000000 0.487437 0.000000 -0.873158 1.601651 1.601651 1.601651
1983.199585 0.000000 1627.246704 0.000000 0.989535 0.000000 -0.144296 1.091822 1.091822 1.091822
1980.280640 0.000000 1630.378418 0.000000 0.952965 0.000000 -0.303081 1.049200 1.049200 1.049200
1982.309326 0.000000 1626.170532 0.000000 0.606650 0.000000 -0.794969 1.582731 1.582731 1.582731
1982.812744 0.000000 1630.569824 0.000000 0.911945 0.000000 -0.410314 1.201607 1.201607 1.201607
1980.010254 0.000000 1624.205200 0.000000 0.439462 0.000000 -0.898261 1.178281 1.178281 1.178281
1982.097412 0.000000 1627.593994 0.000000 0.893233 0.000000 -0.449594 1.295699 1.295699 1.295699
1983.386475 0.000000 1625.859131 0.000000 0.011240 0.000000 -0.999937 1.883826 1.883826 1.883826
1981.796021 0.000000 1661.556152 0.000000 0.338560 0.000000 -0.940945 1.780120 1.780120 1.780120
1981.749268 0.000000 1653.102051 0.000000 0.931007 0.000000 -0.365002 1.178164 1.178164 1.178164
1982.155396 0.000000 1649.273926 0.000000 0.834793 0.000000 -0.550564 1.186315 1.186315 1.186315
1977.109131 0.000000 1658.479126 0.000000 0.523367 0.000000 -0.852107 1.486377 1.486377 1.486377
1982.343994 0.000000 1631.606445 0.000000 0.915547 0.000000 -0.402211 1.197379 1.197379 1.197379
1979.348022 0.000000 1660.071289 0.000000 0.317197 0.000000 -0.948360 1.794517 1.794517 1.794517
1983.199585 0.000000 1659.231079 0.000000 0.743049 0.000000 -0.669237 1.466758 1.466758 1.466758
1980.355469 0.000000 1655.044434 0.000000 0.305931 0.000000 -0.952054 1.201303 1.201303 1.201303
1981.112671 0.000000 1658.976807 0.000000 0.933367 0.000000 -0.358923 1.233712 1.233712 1.233712
1977.775635 0.000000 1656.469482 0.000000 0.437306 0.000000 -0.899313 1.178664 1.178664 1.178664
1982.675415 0.000000 1651.270264 0.000000 0.920819 0.000000 -0.389991 1.255044 1.255044 1.255044
1978.515625 0.000000 1662.228760 0.000000 0.735774 0.000000 -0.677227 1.237747 1.237747 1.237747
1980.280640 0.000000 1662.362793 0.000000 0.265817 0.000000 -0.964023 1.415983 1.415983 1.415983
1976.159058 0.000000 1656.974976 0.000000 0.680779 0.000000 -0.732489 1.131334 1.131334 1.131334
1981.317261 0.000000 1650.547729 0.000000 0.906308 0.000000 -0.422617 1.139433 1.139433 1.139433
1981.845093 0.000000 1655.421021 0.000000 0.989584 0.000000 -0.143957 1.023082 1.023082 1.023082
1980.824463 0.000000 1660.447632 0.000000 0.996755 0.000000 -0.080499 1.051303 1.051303 1.051303
1981.137207 0.000000 1656.738647 0.000000 0.985256 0.000000 -0.171088 1.109457 1.109457 1.109457
1982.309326 0.000000 1658.154907 0.000000 0.999987 0.000000 0.005195 0.996693 0.996693 0.996693
1980.934448 0.000000 1648.571045 0.000000 0.912573 0.000000 -0.408913 1.200875 1.200875 1.200875
1983.323242 0.000000 1652.533447 0.000000 0.986794 0.000000 -0.161978 1.025995 1.025995 1.025995
1982.754395 0.000000 1660.535645 0.000000 0.988248 0.000000 -0.152859 1.073176 1.073176 1.073176
1976.444336 0.000000 1659.815674 0.000000 0.712931 0.000000 -0.701234 1.370566 1.370566 1.370566
1980.259155 0.000000 1649.776001 0.000000 0.968076 0.000000 -0.250657 1.120812 1.120812 1.120812
1980.691162 0.000000 1653.797974 0.000000 0.998970 0.000000 0.045378 0.978355 0.978355 0.978355
1980.010254 0.000000 1656.189575 0.000000 0.999792 0.000000 -0.020379 1.012975 1.012975 1.012975
1979.907349 0.000000 1659.004517 0.000000 0.486159 0.000000 -0.873870 1.676795 1.676795 1.676795
1978.021240 0.000000 1657.641113 0.000000 0.704817 0.000000 -0.709390 1.252014 1.252014 1.252014
1983.064453 0.000000 1650.066895 0.000000 0.822042 0.000000 -0.569426 1.385669 1.385669 1.385669
1982.097412 0.000000 1659.578369 0.000000 0.951096 0.000000 -0.308894 1.199918 1.199918 1.199918
1978.872437 0.000000 1656.726196 0.000000 0.051215 0.000000 -0.998688 1.485587 1.485587 1.485587
1980.886475 0.000000 1657.911987 0.000000 0.081968 0.000000 -0.996635 1.947759 1.947759 1.947759
1983.124512 0.000000 1648.695435 0.000000 0.769691 0.000000 -0.638416 1.221274 1.221274 1.221274
1980.049194 0.000000 1648.034668 0.000000 0.902700 0.000000 -0.430270 1.212095 1.212095 1.212095
1981.228882 0.000000 1649.488525 0.000000 0.844942 0.000000 -0.534858 1.269100 1.269100 1.269100
1980.605469 0.000000 1652.835571 0.000000 0.402518 0.000000 -0.915412 1.551481 1.551481 1.551481
1976.220703 0.000000 1658.275269 0.000000 0.663015 0.000000 -0.748606 1.403387 1.403387 1.403387
1981.809570 0.000000 1657.368164 0.000000 0.900196 0.000000 -0.435484 1.286845 1.286845 1.286845
1977.564819 0.000000 1661.154297 0.000000 0.992057 0.000000 -0.125791 1.080294 1.080294 1.080294
1982.697510 0.000000 1661.514648 0.000000 0.994060 0.000000 -0.108830 1.051997 1.051997 1.051997
1978.946655 0.000000 1657.731567 0.000000 0.231250 0.000000 -0.972894 1.427388 1.427388 1.427388
1978.509644 0.000000 1659.734253 0.000000 0.558717 0.000000 -0.829359 1.622588 1.622588 1.622588
1976.901367 0.000000 1660.549194 0.000000 0.794905 0.000000 -0.606734 1.415041 1.415041 1.415041
1980.465942 0.000000 1659.663696 0.000000 0.235134 0.000000 -0.971963 1.848894 1.848894 1.848894
1979.622192 0.000000 1658.225464 0.000000 0.215820 0.000000 -0.976433 1.861515 1.861515 1.861515
1981.831299 0.000000 1656.254639 0.000000 0.999957 0.000000 0.009250 0.994111 0.994111 0.994111
1982.629395 0.000000 1655.157471 0.000000 0.992769 0.000000 -0.120038 1.038452 1.038452 1.038452
1983.155273 0.000000 1631.415771 0.000000 0.046922 0.000000 -0.998899 1.726637 1.726637 1.726637
1981.858643 0.000000 1651.220093 0.000000 0.325823 0.000000 -0.945431 1.395905 1.395905 1.395905
1981.921997 0.000000 1648.473145 0.000000 0.841730 0.000000 -0.539899 1.271950 1.271950 1.271950
1981.296143 0.000000 1659.755005 0.000000 0.038393 0.000000 -0.999263 1.975552 1.975552 1.975552
1983.766602 0.000000 1624.770508 0.000000 0.949128 0.000000 -0.314891 1.181543 1.181543 1.181543
1983.567261 0.000000 1629.747192 0.000000 0.999316 0.000000 -0.036974 1.017635 1.017635 1.017635
1986.306519 0.000000 1631.177979 0.000000 0.983698 0.000000 -0.179827 1.028890 1.028890 1.028890
1984.166138 0.000000 1627.484741 0.000000 0.999395 0.000000 0.034768 0.983418 0.983418 0.983418
1985.260498 0.000000 1629.860229 0.000000 0.824221 0.000000 -0.566269 1.287045 1.287045 1.287045
1987.968384 0.000000 1628.534912 0.000000 0.147669 0.000000 -0.989037 1.678347 1.678347 1.678347
1984.475952 0.000000 1626.046143 0.000000 0.277264 0.000000 -0.960794 1.615054 1.615054 1.615054
1986.774048 0.000000 1627.137573 0.000000 0.979517 0.000000 -0.201360 1.032395 1.032395 1.032395
1984.347778 0.000000 1630.637451 0.000000 0.259512 0.000000 -0.965740 1.832876 1.832876 1.832876
1986.166260 0.000000 1629.471069 0.000000 0.653122 0.000000 -0.757253 1.409652 1.409652 1.409652
1984.441772 0.000000 1629.408447 0.000000 0.744789 0.000000 -0.667301 1.348369 1.348369 1.348369
1985.417114 0.000000 1630.918091 0.000000 0.953432 0.000000 -0.301608 1.195046 1.195046 1.195046
1987.998535 0.000000 1629.434082 0.000000 0.964993 0.000000 -0.262276 1.126544 1.126544 1.126544
1983.714355 0.000000 1625.662720 0.000000 0.723809 0.000000 -0.690001 1.431549 1.431549 1.431549
1985.246582 0.000000 1626.291626 0.000000 0.462440 0.000000 -0.886651 1.519781 1.519781 1.519781
1983.535889 0.000000 1630.654907 0.000000 0.630055 0.000000 -0.776551 1.423994 1.423994 1.423994
1989.201416 0.000000 1650.101929 0.000000 0.486870 0.000000 -0.873474 1.336812 1.336812 1.336812
1991.617676 0.000000 1644.492676 0.000000 0.950533 0.000000 -0.310624 1.036273 1.036273 1.036273
1987.918091 0.000000 1641.363525 0.000000 0.769222 0.000000 -0.638982 1.110755 1.110755 1.110755
1989.101074 0.000000 1643.734619 0.000000 0.721729 0.000000 -0.692176 1.122151 1.122151 1.122151
1984.897217 0.000000 1645.969727 0.000000 0.656462 0.000000 -0.754359 1.194171 1.194171 1.194171
1985.644531 0.000000 1654.877563 0.000000 0.075589 0.000000 -0.997139 1.238891 1.238891 1.238891
1987.598755 0.000000 1648.289917 0.000000 0.678636 0.000000 -0.734474 1.088553 1.088553 1.088553
1991.199097 0.000000 1651.527588 0.000000 0.808072 0.000000 -0.589084 1.061333 1.061333 1.061333
1983.533203 0.000000 1650.598389 0.000000 0.999893 0.000000 0.014627 0.990688 0.990688 0.990688
1984.166138 0.000000 1659.469116 0.000000 0.857823 0.000000 -0.513945 1.343633 1.343633 1.343633
1985.602295 0.000000 1631.828003 0.000000 0.992042 0.000000 -0.125904 1.080366 1.080366 1.080366
1989.315430 0.000000 1651.987915 0.000000 0.889981 0.000000 -0.455998 1.150127 1.150127 1.150127
1991.820923 0.000000 1642.709351 0.000000 0.614658 0.000000 -0.788794 1.145214 1.145214 1.145214
1987.734253 0.000000 1651.160522 0.000000 0.976292 0.000000 -0.216459 1.064821 1.064821 1.064821
1985.260498 0.000000 1661.844604 0.000000 0.826559 0.000000 -0.562850 1.191041 1.191041 1.191041
1983.784058 0.000000 1631.276245 0.000000 0.994794 0.000000 -0.101908 1.048678 1.048678 1.048678
1984.998169 0.000000 1644.407959 0.000000 1.000000 0.000000 0.000949 0.999784 0.999784 0.999784
1986.220215 0.000000 1656.343384 0.000000 0.960013 0.000000 -0.279956 1.180640 1.180640 1.180640
1984.885742 0.000000 1651.215942 0.000000 0.736227 0.000000 -0.676734 1.118767 1.118767 1.118767
1984.475952 0.000000 1658.030518 0.000000 0.799634 0.000000 -0.600487 1.410053 1.410053 1.410053
1990.407349 0.000000 1643.080444 0.000000 0.863861 0.000000 -0.503730 1.084349 1.084349 1.084349
1986.481812 0.000000 1641.794067 0.000000 0.056755 0.000000 -0.998388 1.241907 1.241907 1.241907
1986.774048 0.000000 1659.121948 0.000000 0.658338 0.000000 -0.752722 1.406358 1.406358 1.406358
1987.759888 0.000000 1642.833252 0.000000 0.706927 0.000000 -0.707287 1.262830 1.262830 1.262830
1987.395020 0.000000 1657.408936 0.000000 0.243594 0.000000 -0.969877 1.843347 1.843347 1.843347
1984.884521 0.000000 1655.979248 0.000000 0.403411 0.000000 -0.915019 1.184633 1.184633 1.184633
1984.932129 0.000000 1660.592896 0.000000 0.876472 0.000000 -0.481452 1.160518 1.160518 1.160518
1983.535278 0.000000 1660.489502 0.000000 0.754390 0.000000 -0.656427 1.341453 1.341453 1.341453
1983.591919 0.000000 1651.944946 0.000000 0.634206 0.000000 -0.773164 1.562654 1.562654 1.562654
1984.347778 0.000000 1662.621826 0.000000 0.592172 0.000000 -0.805811 1.596541 1.596541 1.596541
1983.578857 0.000000 1649.339966 0.000000 0.304953 0.000000 -0.952367 1.402933 1.402933 1.402933
1983.548218 0.000000 1658.542480 0.000000 0.604901 0.000000 -0.796301 1.586425 1.586425 1.586425
1985.524414 0.000000 1652.826538 0.000000 0.653192 0.000000 -0.757192 1.409608 1.409608 1.409608
1986.671631 0.000000 1651.089355 0.000000 0.414003 0.000000 -0.910275 1.339855 1.339855 1.339855
1988.798584 0.000000 1651.122803 0.000000 0.390798 0.000000 -0.920476 1.370739 1.370739 1.370739
1986.376465 0.000000 1644.324463 0.000000 0.683048 0.000000 -0.730374 1.220789 1.220789 1.220789
1988.250854 0.000000 1650.286133 0.000000 0.951810 0.000000 -0.306687 1.098831 1.098831 1.098831
1984.441772 0.000000 1661.392822 0.000000 0.502432 0.000000 -0.864617 1.333742 1.333742 1.333742
1986.805542 0.000000 1642.666260 0.000000 0.996987 0.000000 -0.077568 1.025975 1.025975 1.025975
1986.964844 0.000000 1658.219727 0.000000 0.667739 0.000000 -0.744396 1.400370 1.400370 1.400370
1987.077271 0.000000 1645.059814 0.000000 0.758258 0.000000 -0.651955 1.191478 1.191478 1.191478
1985.585083 0.000000 1649.508057 0.000000 0.831171 0.000000 -0.556017 1.236981 1.236981 1.236981
1984.919678 0.000000 1631.317993 0.000000 0.783699 0.000000 -0.621141 1.426661 1.426661 1.426661
1987.064941 0.000000 1656.515747 0.000000 0.923331 0.000000 -0.384004 1.250910 1.250910 1.250910
1989.566895 0.000000 1650.826294 0.000000 0.809343 0.000000 -0.587336 1.199040 1.199040 1.199040
1984.672241 0.000000 1648.148682 0.000000 0.620024 0.000000 -0.784583 1.362563 1.362563 1.362563
1983.535889 0.000000 1662.639282 0.000000 0.960084 0.000000 -0.279711 1.180477 1.180477 1.180477
1976.400879 0.000000 1669.925293 0.000000 0.056814 0.000000 -0.998385 1.022678 1.022678 1.022678
1981.352783 0.000000 1666.375854 0.000000 0.764071 0.000000 -0.645132 1.224073 1.224073 1.224073
1978.869019 0.000000 1668.818481 0.000000 0.996341 0.000000 -0.085468 1.027345 1.027345 1.027345
1982.561768 0.000000 1665.161377 0.000000 0.949729 0.000000 -0.313073 1.151839 1.151839 1.151839
1981.633179 0.000000 1667.534668 0.000000 0.735071 0.000000 -0.677990 1.238079 1.238079 1.238079
1980.707642 0.000000 1665.342529 0.000000 0.913831 0.000000 -0.406094 1.266219 1.266219 1.266219
1979.457031 0.000000 1671.884155 0.000000 0.998680 0.000000 -0.051373 1.016424 1.016424 1.016424
1980.218994 0.000000 1666.297729 0.000000 0.999466 0.000000 -0.032689 1.010448 1.010448 1.010448
1980.154297 0.000000 1663.213135 0.000000 0.152894 0.000000 -0.988243 1.452910 1.452910 1.452910
1983.173340 0.000000 1664.303223 0.000000 0.665249 0.000000 -0.746621 1.401962 1.401962 1.401962
1979.544922 0.000000 1668.167847 0.000000 0.177983 0.000000 -0.984034 1.444780 1.444780 1.444780
1977.106934 0.000000 1670.436523 0.000000 0.835355 0.000000 -0.549711 1.251375 1.251375 1.251375
1983.267700 0.000000 1665.702637 0.000000 0.997634 0.000000 0.068752 0.967190 0.967190 0.967190
1978.604858 0.000000 1670.205200 0.000000 0.040908 0.000000 -0.999163 1.488885 1.488885 1.488885
1983.155273 0.000000 1663.400146 0.000000 0.306205 0.000000 -0.951966 1.801881 1.801881 1.801881
1978.261353 0.000000 1663.314819 0.000000 0.239717 0.000000 -0.970843 1.424604 1.424604 1.424604
1983.704468 0.000000 1664.831909 0.000000 0.977490 0.000000 -0.210981 1.101366 1.101366 1.101366
1985.602295 0.000000 1663.812378 0.000000 0.886176 0.000000 -0.463348 1.306704 1.306704 1.306704
1983.561890 0.000000 1664.021973 0.000000 0.553812 0.000000 -0.832642 1.469145 1.469145 1.469145
3402.674805 0.000000 915.826599 0.000000 0.098548 0.000000 -0.995132 1.235209 1.235209 1.235209
3402.279541 0.000000 913.691467 0.000000 0.323089 0.000000 -0.946369 1.186013 1.186013 1.186013
3403.859619 0.000000 915.612610 0.000000 0.727564 0.000000 -0.686040 1.120798 1.120798 1.120798
3402.992920 0.000000 914.723572 0.000000 0.979166 0.000000 -0.203060 1.032672 1.032672 1.032672
3416.696777 0.000000 936.908142 0.000000 0.964136 0.000000 -0.265408 1.042921 1.042921 1.042921
3420.483643 0.000000 932.789917 0.000000 0.934297 0.000000 -0.356495 1.058242 1.058242 1.058242
3424.545654 0.000000 942.313477 0.000000 0.363193 0.000000 -0.931714 1.383183 1.383183 1.383183
3429.976074 0.000000 957.547607 0.000000 0.993300 0.000000 -0.115565 1.018506 1.018506 1.018506
3427.165039 0.000000 940.603516 0.000000 0.999986 0.000000 -0.005285 1.000844 1.000844 1.000844
3457.242920 0.000000 896.187378 0.000000 0.190262 0.000000 -0.981733 1.220394 1.220394 1.220394
3467.301270 0.000000 932.505981 0.000000 0.080660 0.000000 -0.996742 1.238079 1.238079 1.238079
3467.462158 0.000000 933.775269 0.000000 0.688268 0.000000 -0.725456 1.129692 1.129692 1.129692
2547.960938 0.000000 1294.447754 0.000000 0.866227 0.000000 -0.499651 1.083596 1.083596 1.083596
2557.212158 0.000000 1314.547729 0.000000 0.070518 0.000000 -0.997510 1.239704 1.239704 1.239704
3345.331299 0.000000 1095.740479 0.000000 0.979663 0.000000 -0.200652 1.032279 1.032279 1.032279
3344.576172 0.000000 1094.336426 0.000000 0.552896 0.000000 -0.833250 1.157376 1.157376 1.157376
"}
