object={
	name="steppe_bush_01_generator_0"
	render_pass=Map
	clamp_to_water_level=no
	generated_content=yes
	layer="grass_layer"
	pdxmesh="steppe_bush_01_mesh"
	count=46
	transform="52.570335 0.000000 974.604004 0.000000 0.220631 0.000000 0.975357 0.268575 0.268575 0.268575
1060.581543 0.000000 900.682495 0.000000 0.277186 0.000000 -0.960816 0.778563 0.778563 0.778563
1058.738159 0.000000 901.145813 0.000000 0.751967 0.000000 -0.659201 0.660823 0.660823 0.660823
1061.729858 0.000000 901.544922 0.000000 0.942584 0.000000 -0.333968 0.573534 0.573534 0.573534
1059.521973 0.000000 900.301331 0.000000 0.987732 0.000000 0.156157 0.464965 0.464965 0.464965
1059.428345 0.000000 901.975647 0.000000 0.890107 0.000000 -0.455751 0.605736 0.605736 0.605736
3454.168213 0.000000 900.695618 0.000000 0.980001 0.000000 0.198994 0.464115 0.464115 0.464115
3452.475830 0.000000 900.805542 0.000000 0.794409 0.000000 -0.607384 0.636484 0.636484 0.636484
3453.456787 0.000000 901.758057 0.000000 0.282438 0.000000 0.959285 0.231437 0.231437 0.231437
3427.566650 0.000000 937.707275 0.000000 0.991004 0.000000 -0.133833 0.522118 0.522118 0.522118
3425.844727 0.000000 939.706055 0.000000 0.092119 0.000000 -0.995748 0.802684 0.802684 0.802684
3424.336914 0.000000 937.832397 0.000000 0.846264 0.000000 0.532763 0.403914 0.403914 0.403914
3424.511719 0.000000 939.257629 0.000000 0.222096 0.000000 -0.975025 0.775719 0.775719 0.775719
3474.629150 0.000000 921.750122 0.000000 0.979345 0.000000 0.202196 0.462640 0.462640 0.462640
3472.281250 0.000000 926.129639 0.000000 0.527563 0.000000 0.849516 0.273192 0.273192 0.273192
3474.147217 0.000000 924.265930 0.000000 0.759356 0.000000 0.650675 0.346562 0.346562 0.346562
3472.370361 0.000000 921.553345 0.000000 0.999976 0.000000 0.006897 0.498691 0.498691 0.498691
3455.219238 0.000000 901.803345 0.000000 0.747349 0.000000 -0.664432 0.630178 0.630178 0.630178
3472.609375 0.000000 923.402100 0.000000 0.995557 0.000000 0.094161 0.479047 0.479047 0.479047
3475.776123 0.000000 925.019531 0.000000 0.955804 0.000000 0.294003 0.435371 0.435371 0.435371
3473.229492 0.000000 920.043335 0.000000 0.470956 0.000000 0.882157 0.295003 0.295003 0.295003
3473.762939 0.000000 926.548462 0.000000 0.561484 0.000000 0.827488 0.282230 0.282230 0.282230
3473.886719 0.000000 922.902039 0.000000 0.999088 0.000000 -0.042707 0.509492 0.509492 0.509492
3473.035889 0.000000 924.981873 0.000000 0.292783 0.000000 0.956179 0.229721 0.229721 0.229721
3474.449951 0.000000 925.498413 0.000000 0.772462 0.000000 0.635061 0.350977 0.350977 0.350977
3474.910400 0.000000 923.479004 0.000000 0.868966 0.000000 -0.494872 0.630859 0.630859 0.630859
3475.640381 0.000000 922.232178 0.000000 0.270663 0.000000 0.962674 0.172222 0.172222 0.172222
3472.830811 0.000000 927.009399 0.000000 0.943425 0.000000 0.331586 0.424481 0.424481 0.424481
3473.032227 0.000000 922.315247 0.000000 0.789318 0.000000 -0.613984 0.646891 0.646891 0.646891
3474.800537 0.000000 922.597107 0.000000 0.323303 0.000000 -0.946296 0.813841 0.813841 0.813841
3472.903564 0.000000 927.826294 0.000000 0.404099 0.000000 -0.914715 0.758030 0.758030 0.758030
3467.664062 0.000000 938.709106 0.000000 0.919753 0.000000 -0.392499 0.580054 0.580054 0.580054
3463.258301 0.000000 940.836426 0.000000 0.644886 0.000000 -0.764279 0.653112 0.653112 0.653112
3465.908203 0.000000 940.674744 0.000000 0.996396 0.000000 0.084820 0.483463 0.483463 0.483463
3465.094971 0.000000 938.282532 0.000000 0.579298 0.000000 0.815116 0.318004 0.318004 0.318004
3469.941162 0.000000 939.359497 0.000000 0.008446 0.000000 -0.999964 0.766208 0.766208 0.766208
3467.799072 0.000000 936.519653 0.000000 0.918529 0.000000 0.395354 0.416792 0.416792 0.416792
3469.968994 0.000000 937.250366 0.000000 0.412507 0.000000 -0.910954 0.724512 0.724512 0.724512
3465.547119 0.000000 936.465210 0.000000 0.930638 0.000000 0.365940 0.430787 0.430787 0.430787
3466.548096 0.000000 937.624146 0.000000 0.668421 0.000000 0.743783 0.328301 0.328301 0.328301
3464.724121 0.000000 939.801086 0.000000 0.952894 0.000000 0.303303 0.441146 0.441146 0.441146
3466.283447 0.000000 939.103394 0.000000 0.382987 0.000000 -0.923754 0.733758 0.733758 0.733758
3464.607422 0.000000 941.123169 0.000000 0.636962 0.000000 0.770895 0.328589 0.328589 0.328589
3469.066895 0.000000 936.399841 0.000000 0.769043 0.000000 -0.639197 0.635902 0.635902 0.635902
3467.938965 0.000000 937.613647 0.000000 0.421368 0.000000 0.906890 0.267474 0.267474 0.267474
3473.948730 0.000000 927.824341 0.000000 0.378843 0.000000 -0.925461 0.764163 0.764163 0.764163
"}
