object={
	name="tree_yellow_high_generator_2_0"
	render_pass=Map
	clamp_to_water_level=no
	generated_content=yes
	layer="tree_high_layer"
	pdxmesh="tree_yellow_01_b_mesh"
	count=706
	transform="638.483521 0.000000 209.977081 0.000000 0.970937 0.000000 -0.239336 0.405792 0.405792 0.405792
627.324585 0.000000 218.093903 0.000000 0.587602 0.000000 -0.809150 0.424006 0.424006 0.424006
654.595886 0.000000 160.781738 0.000000 0.170713 0.000000 -0.985321 0.435631 0.435631 0.435631
695.609131 0.000000 160.634003 0.000000 0.307456 0.000000 -0.951562 0.434555 0.434555 0.434555
699.519287 0.000000 170.183273 0.000000 0.952391 0.000000 0.304880 0.392265 0.392265 0.392265
687.191589 0.000000 177.821167 0.000000 0.098419 0.000000 -0.995145 0.437490 0.437490 0.437490
701.665222 0.000000 163.110199 0.000000 0.992745 0.000000 0.120237 0.397292 0.397292 0.397292
718.080200 0.000000 159.414642 0.000000 0.653078 0.000000 0.757291 0.378122 0.378122 0.378122
708.108521 0.000000 184.849609 0.000000 0.986587 0.000000 0.163234 0.397790 0.397790 0.397790
723.790955 0.000000 172.709579 0.000000 0.035365 0.000000 0.999374 0.363201 0.363201 0.363201
712.867737 0.000000 186.137360 0.000000 0.848487 0.000000 -0.529216 0.420606 0.420606 0.420606
712.015564 0.000000 190.983139 0.000000 0.972441 0.000000 0.233148 0.392363 0.392363 0.392363
656.737854 0.000000 202.358521 0.000000 0.662276 0.000000 0.749260 0.392388 0.392388 0.392388
674.616821 0.000000 221.177094 0.000000 0.881293 0.000000 -0.472570 0.403195 0.403195 0.403195
681.656128 0.000000 196.415421 0.000000 0.841809 0.000000 -0.539776 0.411388 0.411388 0.411388
679.937988 0.000000 205.195801 0.000000 0.559093 0.000000 -0.829105 0.419035 0.419035 0.419035
699.519287 0.000000 202.167648 0.000000 0.694073 0.000000 0.719904 0.381943 0.381943 0.381943
679.206909 0.000000 197.485962 0.000000 0.583005 0.000000 -0.812469 0.435041 0.435041 0.435041
666.283569 0.000000 227.539780 0.000000 0.996965 0.000000 0.077856 0.398015 0.398015 0.398015
663.963196 0.000000 247.983917 0.000000 0.315806 0.000000 0.948824 0.338860 0.338860 0.338860
675.964233 0.000000 245.631073 0.000000 0.505498 0.000000 -0.862828 0.426505 0.426505 0.426505
733.030701 0.000000 198.667892 0.000000 0.062206 0.000000 0.998063 0.387948 0.387948 0.387948
733.460022 0.000000 205.198517 0.000000 0.124408 0.000000 0.992231 0.384115 0.384115 0.384115
728.705505 0.000000 198.644089 0.000000 0.523294 0.000000 0.852152 0.381664 0.381664 0.381664
719.294739 0.000000 206.031555 0.000000 0.947700 0.000000 0.319164 0.392214 0.392214 0.392214
709.413574 0.000000 204.437729 0.000000 0.510027 0.000000 0.860158 0.352429 0.352429 0.352429
713.766785 0.000000 202.641891 0.000000 0.711274 0.000000 0.702915 0.356020 0.356020 0.356020
710.628479 0.000000 202.294296 0.000000 0.641197 0.000000 0.767376 0.343220 0.343220 0.343220
726.895325 0.000000 239.029236 0.000000 0.993318 0.000000 -0.115410 0.402021 0.402021 0.402021
730.162598 0.000000 247.044220 0.000000 0.698695 0.000000 -0.715420 0.421893 0.421893 0.421893
747.654175 0.000000 249.091980 0.000000 0.183669 0.000000 -0.982988 0.421455 0.421455 0.421455
745.640503 0.000000 228.399796 0.000000 0.968508 0.000000 -0.248983 0.404523 0.404523 0.404523
755.293335 0.000000 250.078278 0.000000 0.598610 0.000000 0.801041 0.375879 0.375879 0.375879
757.123291 0.000000 247.801834 0.000000 0.511735 0.000000 -0.859143 0.450060 0.450060 0.450060
756.498596 0.000000 245.646683 0.000000 0.860022 0.000000 0.510256 0.360429 0.360429 0.360429
791.949707 0.000000 74.936600 0.000000 0.997103 0.000000 0.076066 0.399886 0.399886 0.399886
787.972168 0.000000 94.929642 0.000000 0.880664 0.000000 -0.473741 0.402711 0.402711 0.402711
780.937256 0.000000 87.155411 0.000000 0.908682 0.000000 0.417488 0.373335 0.373335 0.373335
789.303711 0.000000 99.923920 0.000000 0.349628 0.000000 -0.936889 0.534526 0.534526 0.534526
786.525146 0.000000 98.822861 0.000000 0.926423 0.000000 0.376484 0.385545 0.385545 0.385545
818.517334 0.000000 98.822861 0.000000 0.614940 0.000000 -0.788574 0.444001 0.444001 0.444001
789.115479 0.000000 183.833084 0.000000 0.261943 0.000000 0.965083 0.343930 0.343930 0.343930
794.036072 0.000000 172.469025 0.000000 0.448345 0.000000 0.893860 0.356378 0.356378 0.356378
822.411011 0.000000 178.111496 0.000000 0.356943 0.000000 -0.934126 0.442747 0.442747 0.442747
804.985229 0.000000 190.763367 0.000000 0.316203 0.000000 -0.948691 0.444281 0.444281 0.444281
816.929565 0.000000 190.489029 0.000000 0.642286 0.000000 -0.766465 0.478926 0.478926 0.478926
807.992126 0.000000 190.983139 0.000000 0.393360 0.000000 0.919384 0.299236 0.299236 0.299236
812.655212 0.000000 187.810898 0.000000 0.965277 0.000000 -0.261229 0.410161 0.410161 0.410161
806.795837 0.000000 184.745270 0.000000 0.404989 0.000000 -0.914322 0.455884 0.455884 0.455884
817.351440 0.000000 172.722336 0.000000 0.712642 0.000000 0.701528 0.345259 0.345259 0.345259
835.880249 0.000000 142.595215 0.000000 0.980269 0.000000 0.197667 0.377845 0.377845 0.377845
837.382324 0.000000 140.468979 0.000000 0.586226 0.000000 -0.810148 0.472147 0.472147 0.472147
835.880005 0.000000 145.024246 0.000000 0.077539 0.000000 -0.996989 0.466355 0.466355 0.466355
867.917358 0.000000 181.662323 0.000000 0.618721 0.000000 0.785611 0.377439 0.377439 0.377439
863.840637 0.000000 190.450272 0.000000 0.840246 0.000000 0.542205 0.381974 0.381974 0.381974
869.719421 0.000000 167.632950 0.000000 0.673247 0.000000 -0.739417 0.431165 0.431165 0.431165
882.780090 0.000000 188.625290 0.000000 0.892265 0.000000 0.451511 0.378247 0.378247 0.378247
791.585693 0.000000 192.618378 0.000000 0.990566 0.000000 -0.137038 0.403020 0.403020 0.403020
795.158081 0.000000 197.537277 0.000000 0.146213 0.000000 0.989253 0.313252 0.313252 0.313252
793.420105 0.000000 193.630707 0.000000 0.983454 0.000000 -0.181156 0.412097 0.412097 0.412097
820.574280 0.000000 200.109024 0.000000 0.133229 0.000000 -0.991085 0.425833 0.425833 0.425833
826.244507 0.000000 195.555405 0.000000 0.925456 0.000000 0.378854 0.389911 0.389911 0.389911
819.725220 0.000000 211.620392 0.000000 0.619780 0.000000 -0.784776 0.426582 0.426582 0.426582
819.277710 0.000000 218.093903 0.000000 0.493718 0.000000 -0.869622 0.425798 0.425798 0.425798
814.556824 0.000000 192.766113 0.000000 0.775666 0.000000 0.631143 0.330428 0.330428 0.330428
803.200806 0.000000 194.247742 0.000000 0.624399 0.000000 0.781106 0.367773 0.367773 0.367773
810.556519 0.000000 205.034103 0.000000 0.100831 0.000000 -0.994904 0.465316 0.465316 0.465316
807.175659 0.000000 197.485962 0.000000 0.553943 0.000000 -0.832554 0.437329 0.437329 0.437329
800.977539 0.000000 202.191772 0.000000 0.082584 0.000000 -0.996584 0.506254 0.506254 0.506254
816.151794 0.000000 194.926483 0.000000 0.556440 0.000000 0.830888 0.324590 0.324590 0.324590
819.046936 0.000000 202.239319 0.000000 0.508292 0.000000 -0.861185 0.450254 0.450254 0.450254
811.949646 0.000000 196.865341 0.000000 0.725749 0.000000 -0.687959 0.441669 0.441669 0.441669
812.929443 0.000000 215.092911 0.000000 0.986767 0.000000 -0.162147 0.412198 0.412198 0.412198
815.343018 0.000000 197.609573 0.000000 0.779480 0.000000 -0.626428 0.444618 0.444618 0.444618
797.015076 0.000000 230.652267 0.000000 0.938783 0.000000 0.344509 0.397190 0.397190 0.397190
790.755493 0.000000 245.535141 0.000000 0.723806 0.000000 0.690004 0.388593 0.388593 0.388593
815.459778 0.000000 251.850601 0.000000 0.193250 0.000000 -0.981149 0.417867 0.417867 0.417867
830.077209 0.000000 254.243622 0.000000 0.031014 0.000000 0.999519 0.381548 0.381548 0.381548
824.682068 0.000000 230.628464 0.000000 0.936073 0.000000 0.351807 0.393897 0.393897 0.393897
815.151917 0.000000 248.217941 0.000000 0.568558 0.000000 0.822643 0.377812 0.377812 0.377812
826.244507 0.000000 227.539780 0.000000 0.881044 0.000000 -0.473034 0.412055 0.412055 0.412055
809.743347 0.000000 234.626266 0.000000 0.329372 0.000000 0.944200 0.342644 0.342644 0.342644
818.795715 0.000000 252.594040 0.000000 0.999830 0.000000 -0.018419 0.400763 0.400763 0.400763
806.795837 0.000000 248.714020 0.000000 0.627214 0.000000 -0.778847 0.443242 0.443242 0.443242
831.985657 0.000000 193.550705 0.000000 0.843311 0.000000 0.537425 0.393484 0.393484 0.393484
848.921753 0.000000 222.473404 0.000000 0.823958 0.000000 -0.566652 0.424666 0.424666 0.424666
862.617493 0.000000 192.309586 0.000000 0.311274 0.000000 -0.950320 0.451354 0.451354 0.451354
834.587769 0.000000 223.865479 0.000000 0.168205 0.000000 0.985752 0.332107 0.332107 0.332107
833.925842 0.000000 215.580643 0.000000 0.482326 0.000000 -0.875992 0.451702 0.451702 0.451702
858.850769 0.000000 199.795471 0.000000 0.959187 0.000000 -0.282771 0.413169 0.413169 0.413169
887.562256 0.000000 192.618378 0.000000 0.155297 0.000000 0.987868 0.369622 0.369622 0.369622
869.719421 0.000000 199.617325 0.000000 0.682022 0.000000 -0.731331 0.434404 0.434404 0.434404
867.203247 0.000000 199.354858 0.000000 0.299601 0.000000 -0.954065 0.450591 0.450591 0.450591
893.618347 0.000000 227.078949 0.000000 0.887347 0.000000 0.461101 0.386361 0.386361 0.386361
867.917358 0.000000 245.631073 0.000000 0.433198 0.000000 -0.901299 0.434757 0.434757 0.434757
892.133484 0.000000 243.683319 0.000000 0.173104 0.000000 0.984904 0.345599 0.345599 0.345599
871.976501 0.000000 254.951889 0.000000 0.294103 0.000000 -0.955774 0.443198 0.443198 0.443198
870.780212 0.000000 248.714020 0.000000 0.741127 0.000000 -0.671365 0.435649 0.435649 0.435649
888.737671 0.000000 240.228790 0.000000 0.702956 0.000000 0.711234 0.343504 0.343504 0.343504
899.909546 0.000000 213.646698 0.000000 0.944496 0.000000 0.328524 0.388300 0.388300 0.388300
898.407776 0.000000 210.917053 0.000000 0.940518 0.000000 -0.339744 0.413847 0.413847 0.413847
908.483093 0.000000 210.266418 0.000000 0.945284 0.000000 -0.326250 0.427214 0.427214 0.427214
896.138733 0.000000 240.968521 0.000000 0.586987 0.000000 -0.809596 0.414604 0.414604 0.414604
899.909546 0.000000 245.631073 0.000000 0.737020 0.000000 -0.675871 0.420010 0.420010 0.420010
904.078735 0.000000 225.765839 0.000000 0.474716 0.000000 0.880139 0.362924 0.362924 0.362924
895.798889 0.000000 243.285858 0.000000 0.253471 0.000000 0.967343 0.336333 0.336333 0.336333
901.809998 0.000000 246.711639 0.000000 0.662386 0.000000 -0.749163 0.454543 0.454543 0.454543
636.169067 0.000000 346.014221 0.000000 0.870959 0.000000 -0.491355 0.401026 0.401026 0.401026
628.567810 0.000000 320.877380 0.000000 0.695385 0.000000 0.718637 0.375978 0.375978 0.375978
634.075134 0.000000 332.390900 0.000000 0.307504 0.000000 0.951547 0.343458 0.343458 0.343458
639.527710 0.000000 347.871704 0.000000 0.882376 0.000000 -0.470545 0.422015 0.422015 0.422015
628.529846 0.000000 341.599792 0.000000 0.955890 0.000000 -0.293724 0.419053 0.419053 0.419053
693.327148 0.000000 259.845795 0.000000 0.392058 0.000000 -0.919940 0.410497 0.410497 0.410497
721.588745 0.000000 261.444611 0.000000 0.999714 0.000000 -0.023932 0.400609 0.400609 0.400609
715.192383 0.000000 263.031738 0.000000 0.733631 0.000000 0.679548 0.380974 0.380974 0.380974
731.652710 0.000000 284.743134 0.000000 0.835590 0.000000 -0.549354 0.427297 0.427297 0.427297
758.763306 0.000000 277.519531 0.000000 0.383475 0.000000 -0.923551 0.420573 0.420573 0.420573
750.206482 0.000000 263.527191 0.000000 0.839732 0.000000 0.543001 0.386529 0.386529 0.386529
739.948608 0.000000 277.615448 0.000000 0.187004 0.000000 -0.982359 0.435210 0.435210 0.435210
758.426636 0.000000 274.064636 0.000000 0.481848 0.000000 -0.876255 0.427197 0.427197 0.427197
766.532104 0.000000 266.283081 0.000000 0.738407 0.000000 -0.674355 0.419585 0.419585 0.419585
735.871887 0.000000 286.403412 0.000000 0.171630 0.000000 0.985161 0.349032 0.349032 0.349032
733.460022 0.000000 301.151642 0.000000 0.706718 0.000000 -0.707495 0.406279 0.406279 0.406279
734.460083 0.000000 305.930206 0.000000 0.458474 0.000000 -0.888708 0.427872 0.427872 0.427872
727.601318 0.000000 288.571503 0.000000 0.695688 0.000000 0.718344 0.380392 0.380392 0.380392
736.177795 0.000000 304.937286 0.000000 0.075885 0.000000 -0.997117 0.426124 0.426124 0.426124
740.222778 0.000000 298.019745 0.000000 0.999528 0.000000 0.030721 0.399448 0.399448 0.399448
751.286926 0.000000 301.984680 0.000000 0.998010 0.000000 -0.063063 0.401166 0.401166 0.401166
745.631775 0.000000 306.963715 0.000000 0.979402 0.000000 -0.201918 0.405177 0.405177 0.405177
751.175964 0.000000 305.758667 0.000000 0.362671 0.000000 -0.931917 0.430549 0.430549 0.430549
750.572449 0.000000 288.719238 0.000000 0.470628 0.000000 0.882332 0.372478 0.372478 0.372478
652.694275 0.000000 347.732758 0.000000 0.415660 0.000000 -0.909520 0.447903 0.447903 0.447903
640.494263 0.000000 348.109741 0.000000 0.998488 0.000000 0.054961 0.396980 0.396980 0.396980
678.549133 0.000000 380.045166 0.000000 0.943426 0.000000 -0.331584 0.408438 0.408438 0.408438
697.769104 0.000000 372.675720 0.000000 0.969200 0.000000 0.246276 0.387078 0.387078 0.387078
758.887512 0.000000 334.982361 0.000000 0.809306 0.000000 0.587387 0.386520 0.386520 0.386520
762.577698 0.000000 334.950623 0.000000 0.254882 0.000000 0.966972 0.364596 0.364596 0.364596
767.496460 0.000000 347.871704 0.000000 0.372721 0.000000 -0.927944 0.468265 0.468265 0.468265
760.768921 0.000000 336.181915 0.000000 0.650370 0.000000 0.759618 0.350462 0.350462 0.350462
723.748657 0.000000 371.542267 0.000000 0.888669 0.000000 0.458550 0.387156 0.387156 0.387156
705.957092 0.000000 375.502502 0.000000 0.916415 0.000000 0.400228 0.377590 0.377590 0.377590
724.406250 0.000000 366.900909 0.000000 0.874189 0.000000 -0.485585 0.424304 0.424304 0.424304
719.189148 0.000000 373.919312 0.000000 0.999994 0.000000 -0.003342 0.400192 0.400192 0.400192
752.714417 0.000000 362.280396 0.000000 0.879094 0.000000 -0.476648 0.403473 0.403473 0.403473
751.286926 0.000000 365.953430 0.000000 0.521597 0.000000 0.853192 0.381118 0.381118 0.381118
753.367065 0.000000 364.628571 0.000000 0.857639 0.000000 -0.514252 0.431015 0.431015 0.431015
741.849060 0.000000 374.649139 0.000000 0.402682 0.000000 -0.915340 0.466398 0.466398 0.466398
616.891174 0.000000 473.996735 0.000000 0.740255 0.000000 -0.672326 0.430189 0.430189 0.430189
638.932068 0.000000 473.317871 0.000000 0.222300 0.000000 -0.974978 0.448412 0.448412 0.448412
620.944458 0.000000 461.696594 0.000000 0.841289 0.000000 -0.540586 0.432795 0.432795 0.432795
639.642822 0.000000 471.200378 0.000000 0.911285 0.000000 -0.411777 0.424369 0.424369 0.424369
598.802368 0.000000 501.410156 0.000000 0.702532 0.000000 0.711652 0.384185 0.384185 0.384185
596.537659 0.000000 501.521667 0.000000 0.922500 0.000000 0.385997 0.378630 0.378630 0.378630
607.650635 0.000000 503.184753 0.000000 0.985345 0.000000 0.170574 0.390414 0.390414 0.390414
617.671753 0.000000 484.274811 0.000000 0.558313 0.000000 -0.829630 0.418565 0.418565 0.418565
614.564758 0.000000 507.982666 0.000000 0.999254 0.000000 -0.038619 0.400810 0.400810 0.400810
611.979858 0.000000 501.506073 0.000000 0.146997 0.000000 -0.989137 0.435532 0.435532 0.435532
616.039001 0.000000 510.826904 0.000000 0.425724 0.000000 -0.904853 0.450262 0.450262 0.450262
618.882568 0.000000 502.071106 0.000000 0.999164 0.000000 0.040889 0.398509 0.398509 0.398509
620.553406 0.000000 498.125793 0.000000 0.498769 0.000000 0.866735 0.304184 0.304184 0.304184
617.790222 0.000000 490.501282 0.000000 0.153544 0.000000 0.988142 0.327851 0.327851 0.327851
609.980530 0.000000 503.440002 0.000000 0.856574 0.000000 -0.516024 0.431134 0.431134 0.431134
611.934692 0.000000 496.852356 0.000000 0.857987 0.000000 -0.513672 0.426397 0.426397 0.426397
621.635925 0.000000 495.886017 0.000000 0.990884 0.000000 -0.134720 0.407759 0.407759 0.407759
617.737183 0.000000 503.928345 0.000000 0.295921 0.000000 0.955212 0.331494 0.331494 0.331494
620.449890 0.000000 509.798737 0.000000 0.608400 0.000000 0.793630 0.347359 0.347359 0.347359
656.674988 0.000000 404.241241 0.000000 0.993924 0.000000 -0.110070 0.403469 0.403469 0.403469
671.519897 0.000000 411.840454 0.000000 0.289921 0.000000 -0.957051 0.470119 0.470119 0.470119
664.792358 0.000000 400.150665 0.000000 0.862194 0.000000 -0.506579 0.430503 0.430503 0.430503
688.667175 0.000000 404.241241 0.000000 0.961576 0.000000 -0.274540 0.408193 0.408193 0.408193
677.766296 0.000000 391.523590 0.000000 0.719199 0.000000 -0.694804 0.432985 0.432985 0.432985
680.023376 0.000000 414.873779 0.000000 0.058780 0.000000 0.998271 0.331300 0.331300 0.331300
655.498840 0.000000 443.756836 0.000000 0.843968 0.000000 -0.536393 0.406502 0.406502 0.406502
654.095825 0.000000 447.274017 0.000000 0.685028 0.000000 -0.728516 0.417523 0.417523 0.417523
665.429443 0.000000 443.072815 0.000000 0.800197 0.000000 0.599737 0.382337 0.382337 0.382337
656.968628 0.000000 446.364044 0.000000 0.587562 0.000000 0.809179 0.363754 0.363754 0.363754
649.782410 0.000000 426.532532 0.000000 0.938917 0.000000 0.344145 0.383686 0.383686 0.383686
665.776917 0.000000 436.644470 0.000000 0.249076 0.000000 0.968484 0.322282 0.322282 0.322282
659.960022 0.000000 421.811462 0.000000 0.598789 0.000000 0.800907 0.349914 0.349914 0.349914
691.798767 0.000000 428.584595 0.000000 0.010136 0.000000 -0.999949 0.441300 0.441300 0.441300
687.191589 0.000000 433.696167 0.000000 0.899782 0.000000 -0.436340 0.410371 0.410371 0.410371
687.183167 0.000000 440.124176 0.000000 0.446152 0.000000 0.894957 0.375650 0.375650 0.375650
691.756470 0.000000 435.511017 0.000000 0.221667 0.000000 0.975122 0.364347 0.364347 0.364347
698.593323 0.000000 430.903748 0.000000 0.884937 0.000000 0.465710 0.385245 0.385245 0.385245
688.667175 0.000000 436.225616 0.000000 0.998640 0.000000 -0.052144 0.401797 0.401797 0.401797
703.512085 0.000000 443.824829 0.000000 0.594300 0.000000 -0.804243 0.469517 0.469517 0.469517
689.382690 0.000000 428.597321 0.000000 0.699724 0.000000 0.714413 0.354306 0.354306 0.354306
698.889832 0.000000 423.686096 0.000000 0.551184 0.000000 -0.834384 0.449775 0.449775 0.449775
672.486450 0.000000 444.062866 0.000000 0.795675 0.000000 -0.605724 0.436063 0.436063 0.436063
696.784546 0.000000 432.135040 0.000000 0.413735 0.000000 0.910397 0.334297 0.334297 0.334297
692.514221 0.000000 437.552917 0.000000 0.400770 0.000000 0.916179 0.333482 0.333482 0.333482
704.016907 0.000000 385.456970 0.000000 0.889934 0.000000 -0.456089 0.404493 0.404493 0.404493
704.989258 0.000000 388.540771 0.000000 0.998562 0.000000 -0.053614 0.401714 0.401714 0.401714
710.819275 0.000000 408.635895 0.000000 0.290792 0.000000 -0.956786 0.473254 0.473254 0.473254
708.458374 0.000000 411.218933 0.000000 0.993463 0.000000 0.114159 0.393488 0.393488 0.393488
706.454651 0.000000 434.807678 0.000000 0.446404 0.000000 0.894832 0.356846 0.356846 0.356846
706.619019 0.000000 447.756104 0.000000 0.710719 0.000000 0.703476 0.369611 0.369611 0.369611
714.579956 0.000000 428.924744 0.000000 0.999948 0.000000 0.010178 0.399634 0.399634 0.399634
706.283997 0.000000 442.500580 0.000000 0.900486 0.000000 -0.434884 0.426508 0.426508 0.426508
703.845764 0.000000 435.192108 0.000000 0.245138 0.000000 0.969488 0.324025 0.324025 0.324025
748.670837 0.000000 443.685883 0.000000 0.702415 0.000000 -0.711768 0.430055 0.430055 0.430055
641.972717 0.000000 471.455627 0.000000 0.200953 0.000000 -0.979601 0.469695 0.469695 0.469695
652.968506 0.000000 470.967896 0.000000 0.972069 0.000000 0.234694 0.386397 0.386397 0.386397
680.875549 0.000000 473.996735 0.000000 0.963297 0.000000 -0.268439 0.407871 0.407871 0.407871
679.206909 0.000000 453.360962 0.000000 0.680331 0.000000 0.732905 0.360981 0.360981 0.360981
700.984924 0.000000 463.771057 0.000000 0.210106 0.000000 0.977679 0.324673 0.324673 0.324673
689.050049 0.000000 473.772095 0.000000 0.029380 0.000000 0.999568 0.319957 0.319957 0.319957
671.519897 0.000000 507.793579 0.000000 0.972683 0.000000 -0.232139 0.413452 0.413452 0.413452
700.984924 0.000000 495.755432 0.000000 0.077402 0.000000 0.997000 0.343332 0.343332 0.343332
690.826965 0.000000 508.469025 0.000000 0.820832 0.000000 -0.571169 0.424587 0.424587 0.424587
702.839966 0.000000 484.898743 0.000000 0.998649 0.000000 0.051961 0.397015 0.397015 0.397015
702.840637 0.000000 494.711792 0.000000 0.622517 0.000000 -0.782606 0.451612 0.451612 0.451612
721.374878 0.000000 460.581696 0.000000 0.091903 0.000000 -0.995768 0.484912 0.484912 0.484912
716.952881 0.000000 470.967896 0.000000 0.816276 0.000000 -0.577661 0.434441 0.434441 0.434441
719.189148 0.000000 469.872437 0.000000 0.082691 0.000000 -0.996575 0.482471 0.482471 0.482471
741.000854 0.000000 478.622742 0.000000 0.999097 0.000000 -0.042493 0.401401 0.401401 0.401401
748.670837 0.000000 475.670258 0.000000 0.774053 0.000000 -0.633121 0.430466 0.430466 0.430466
748.522156 0.000000 466.141418 0.000000 0.376495 0.000000 0.926419 0.355040 0.355040 0.355040
754.811340 0.000000 476.484650 0.000000 0.033341 0.000000 -0.999444 0.488281 0.488281 0.488281
723.790955 0.000000 492.553345 0.000000 0.639392 0.000000 -0.768881 0.418393 0.418393 0.418393
720.175232 0.000000 482.785858 0.000000 0.928780 0.000000 -0.370632 0.418769 0.418769 0.418769
721.042236 0.000000 505.756470 0.000000 0.307447 0.000000 0.951565 0.333403 0.333403 0.333403
740.222778 0.000000 489.925995 0.000000 0.215135 0.000000 -0.976584 0.427042 0.427042 0.427042
766.452271 0.000000 497.836456 0.000000 0.912609 0.000000 0.408834 0.389695 0.389695 0.389695
756.398438 0.000000 494.838409 0.000000 0.807380 0.000000 -0.590031 0.438444 0.438444 0.438444
766.707825 0.000000 487.997284 0.000000 0.978192 0.000000 0.207703 0.386837 0.386837 0.386837
756.526001 0.000000 496.977173 0.000000 0.747211 0.000000 -0.664586 0.445008 0.445008 0.445008
787.775330 0.000000 268.662720 0.000000 0.764955 0.000000 0.644083 0.387071 0.387071 0.387071
789.414795 0.000000 266.761047 0.000000 0.983268 0.000000 0.182166 0.391128 0.391128 0.391128
787.054749 0.000000 266.208069 0.000000 0.891795 0.000000 -0.452441 0.422739 0.422739 0.422739
783.173523 0.000000 277.966187 0.000000 0.999727 0.000000 -0.023372 0.401295 0.401295 0.401295
804.207153 0.000000 266.035370 0.000000 0.945078 0.000000 0.326845 0.394347 0.394347 0.394347
800.965820 0.000000 260.603271 0.000000 0.059409 0.000000 0.998234 0.359250 0.359250 0.359250
830.625305 0.000000 256.278320 0.000000 0.939225 0.000000 0.343302 0.366580 0.366580 0.366580
818.517334 0.000000 258.744720 0.000000 0.250600 0.000000 -0.968091 0.457890 0.457890 0.457890
807.175659 0.000000 261.454712 0.000000 0.864541 0.000000 0.502562 0.374497 0.374497 0.374497
823.089478 0.000000 264.537018 0.000000 0.814280 0.000000 0.580472 0.370005 0.370005 0.370005
816.151794 0.000000 258.895233 0.000000 0.837999 0.000000 -0.545672 0.427955 0.427955 0.427955
819.920959 0.000000 261.889587 0.000000 0.586713 0.000000 0.809795 0.351461 0.351461 0.351461
798.038330 0.000000 309.758301 0.000000 0.747125 0.000000 0.664684 0.388746 0.388746 0.388746
794.146973 0.000000 311.012970 0.000000 0.204406 0.000000 0.978886 0.362516 0.362516 0.362516
815.459778 0.000000 315.819336 0.000000 0.876711 0.000000 0.481017 0.394237 0.394237 0.394237
819.277710 0.000000 314.047028 0.000000 0.970740 0.000000 0.240134 0.393583 0.393583 0.393583
810.835693 0.000000 310.164856 0.000000 0.837991 0.000000 -0.545684 0.423345 0.423345 0.423345
802.485352 0.000000 300.018585 0.000000 0.384957 0.000000 0.922935 0.344821 0.344821 0.344821
805.390137 0.000000 300.390839 0.000000 0.886132 0.000000 0.463433 0.379790 0.379790 0.379790
818.795715 0.000000 316.562775 0.000000 0.768811 0.000000 -0.639476 0.429100 0.429100 0.429100
825.737854 0.000000 308.706970 0.000000 0.995567 0.000000 0.094058 0.394591 0.394591 0.394591
813.589050 0.000000 303.979767 0.000000 0.114951 0.000000 -0.993371 0.482854 0.482854 0.482854
830.808716 0.000000 292.992493 0.000000 0.471954 0.000000 -0.881623 0.461973 0.461973 0.461973
830.809387 0.000000 302.805542 0.000000 0.983330 0.000000 0.181827 0.389501 0.389501 0.389501
861.626160 0.000000 259.063324 0.000000 0.992677 0.000000 0.120802 0.397219 0.397219 0.397219
832.958008 0.000000 260.603271 0.000000 0.388742 0.000000 0.921347 0.367827 0.367827 0.367827
840.094360 0.000000 257.750214 0.000000 0.852219 0.000000 -0.523185 0.418419 0.418419 0.418419
862.617493 0.000000 256.278320 0.000000 0.040195 0.000000 0.999192 0.346503 0.346503 0.346503
858.020447 0.000000 268.422150 0.000000 0.999300 0.000000 -0.037423 0.401813 0.401813 0.401813
853.399170 0.000000 266.761047 0.000000 0.181082 0.000000 0.983468 0.332741 0.332741 0.332741
835.211060 0.000000 263.323608 0.000000 0.999724 0.000000 0.023506 0.398721 0.398721 0.398721
855.721558 0.000000 260.309509 0.000000 0.471662 0.000000 -0.881779 0.452289 0.452289 0.452289
849.940613 0.000000 264.146698 0.000000 0.100453 0.000000 -0.994942 0.469003 0.469003 0.469003
858.850769 0.000000 263.764221 0.000000 0.540138 0.000000 -0.841577 0.448443 0.448443 0.448443
851.039124 0.000000 266.208069 0.000000 0.911915 0.000000 0.410379 0.379308 0.379308 0.379308
877.272034 0.000000 276.772095 0.000000 0.846214 0.000000 0.532843 0.395230 0.395230 0.395230
880.620300 0.000000 276.303741 0.000000 0.105118 0.000000 -0.994460 0.458538 0.458538 0.458538
874.540894 0.000000 269.002869 0.000000 0.820664 0.000000 0.571411 0.370542 0.370542 0.370542
871.472534 0.000000 276.199432 0.000000 0.957060 0.000000 0.289890 0.385755 0.385755 0.385755
841.735535 0.000000 298.595032 0.000000 0.941450 0.000000 0.337151 0.382658 0.382658 0.382658
838.597229 0.000000 298.247406 0.000000 0.712770 0.000000 0.701397 0.355364 0.355364 0.355364
876.639587 0.000000 315.748383 0.000000 0.450350 0.000000 0.892852 0.358120 0.358120 0.358120
876.387390 0.000000 317.892487 0.000000 0.868402 0.000000 0.495861 0.370209 0.370209 0.370209
768.063538 0.000000 345.395569 0.000000 0.927772 0.000000 -0.373147 0.406492 0.406492 0.406492
795.495850 0.000000 330.105164 0.000000 0.963278 0.000000 -0.268507 0.406108 0.406108 0.406108
783.159729 0.000000 344.171051 0.000000 0.359843 0.000000 0.933013 0.373577 0.373577 0.373577
774.612854 0.000000 330.231781 0.000000 0.842972 0.000000 -0.537957 0.432616 0.432616 0.432616
794.866394 0.000000 327.732971 0.000000 0.908215 0.000000 0.418503 0.380165 0.380165 0.380165
830.436646 0.000000 337.914581 0.000000 0.527086 0.000000 0.849812 0.373630 0.373630 0.373630
815.151917 0.000000 344.171051 0.000000 0.004811 0.000000 -0.999988 0.434404 0.434404 0.434404
808.102173 0.000000 321.718964 0.000000 0.471587 0.000000 0.881819 0.366575 0.366575 0.366575
810.835693 0.000000 342.149231 0.000000 0.999940 0.000000 -0.010964 0.400411 0.400411 0.400411
822.119995 0.000000 326.170044 0.000000 0.286241 0.000000 -0.958158 0.465215 0.465215 0.465215
817.018799 0.000000 345.834595 0.000000 0.961497 0.000000 -0.274817 0.415986 0.415986 0.415986
768.169983 0.000000 368.906036 0.000000 0.205759 0.000000 0.978603 0.375490 0.375490 0.375490
769.194092 0.000000 366.594696 0.000000 0.691550 0.000000 0.722329 0.368161 0.368161 0.368161
782.597351 0.000000 363.640747 0.000000 0.232497 0.000000 -0.972597 0.473387 0.473387 0.473387
824.682068 0.000000 358.565948 0.000000 0.742263 0.000000 -0.670108 0.413567 0.413567 0.413567
826.858582 0.000000 359.717346 0.000000 0.369026 0.000000 -0.929419 0.468493 0.468493 0.468493
831.912720 0.000000 332.278931 0.000000 0.884183 0.000000 0.467140 0.393933 0.393933 0.393933
857.382568 0.000000 347.119690 0.000000 0.470082 0.000000 0.882623 0.364903 0.364903 0.364903
852.513123 0.000000 320.877380 0.000000 0.198467 0.000000 -0.980108 0.438335 0.438335 0.438335
854.268677 0.000000 348.947479 0.000000 0.678764 0.000000 0.734357 0.367057 0.367057 0.367057
839.984314 0.000000 350.905029 0.000000 0.439970 0.000000 -0.898012 0.447889 0.447889 0.447889
847.335205 0.000000 325.547089 0.000000 0.985140 0.000000 -0.171752 0.409911 0.409911 0.409911
844.439758 0.000000 328.816498 0.000000 0.962864 0.000000 0.269985 0.384302 0.384302 0.384302
881.536255 0.000000 320.123138 0.000000 0.063237 0.000000 0.997999 0.380429 0.380429 0.380429
883.709595 0.000000 339.557892 0.000000 0.143142 0.000000 -0.989702 0.439905 0.439905 0.439905
871.160034 0.000000 325.423462 0.000000 0.382411 0.000000 0.923992 0.342339 0.342339 0.342339
867.872192 0.000000 336.930481 0.000000 0.986055 0.000000 -0.166419 0.409601 0.409601 0.409601
880.136169 0.000000 322.863983 0.000000 0.904531 0.000000 0.426407 0.376685 0.376685 0.376685
831.912720 0.000000 364.263306 0.000000 0.500726 0.000000 -0.865606 0.416196 0.416196 0.416196
844.647400 0.000000 379.717133 0.000000 0.316308 0.000000 -0.948657 0.444277 0.444277 0.444277
869.481384 0.000000 352.219696 0.000000 0.972346 0.000000 0.233543 0.398705 0.398705 0.398705
868.628357 0.000000 356.948120 0.000000 0.961762 0.000000 0.273888 0.396952 0.396952 0.396952
879.255676 0.000000 365.953430 0.000000 0.330998 0.000000 0.943632 0.377829 0.377829 0.377829
887.562256 0.000000 352.540253 0.000000 0.082355 0.000000 -0.996603 0.442359 0.442359 0.442359
876.490906 0.000000 370.188293 0.000000 0.612737 0.000000 -0.790287 0.436401 0.436401 0.436401
866.469727 0.000000 363.987335 0.000000 0.337465 0.000000 0.941338 0.345493 0.345493 0.345493
871.160034 0.000000 357.407837 0.000000 0.753165 0.000000 -0.657832 0.427961 0.427961 0.427961
876.913818 0.000000 375.014771 0.000000 0.273055 0.000000 -0.961999 0.496933 0.496933 0.496933
883.905334 0.000000 357.842712 0.000000 0.699943 0.000000 -0.714199 0.445677 0.445677 0.445677
903.883301 0.000000 269.164551 0.000000 0.015356 0.000000 -0.999882 0.432619 0.432619 0.432619
902.581604 0.000000 266.263031 0.000000 0.194087 0.000000 -0.980984 0.461811 0.461811 0.461811
926.861755 0.000000 377.364746 0.000000 0.448009 0.000000 -0.894029 0.439770 0.439770 0.439770
901.711609 0.000000 359.539215 0.000000 0.999737 0.000000 0.022945 0.398957 0.398957 0.398957
923.605835 0.000000 380.696259 0.000000 0.964725 0.000000 0.263261 0.387097 0.387097 0.387097
906.533081 0.000000 364.955994 0.000000 0.746632 0.000000 -0.665237 0.432706 0.432706 0.432706
912.995361 0.000000 377.818970 0.000000 0.251718 0.000000 -0.967801 0.475585 0.475585 0.475585
820.574280 0.000000 392.015259 0.000000 0.811588 0.000000 -0.584230 0.411527 0.411527 0.411527
830.885193 0.000000 409.349121 0.000000 0.401820 0.000000 0.915718 0.363018 0.363018 0.363018
828.636719 0.000000 407.653778 0.000000 0.170638 0.000000 0.985334 0.337816 0.337816 0.337816
831.595947 0.000000 407.231628 0.000000 0.510452 0.000000 0.859906 0.340565 0.340565 0.340565
770.268372 0.000000 442.500580 0.000000 0.191891 0.000000 -0.981416 0.456408 0.456408 0.456408
777.698120 0.000000 439.959595 0.000000 0.923968 0.000000 0.382471 0.377464 0.377464 0.377464
822.871887 0.000000 430.935486 0.000000 0.350640 0.000000 0.936510 0.376994 0.376994 0.376994
820.382812 0.000000 430.869659 0.000000 0.928980 0.000000 -0.370130 0.421771 0.421771 0.421771
858.850769 0.000000 391.701721 0.000000 0.755717 0.000000 -0.654898 0.441001 0.441001 0.441001
844.921631 0.000000 406.999146 0.000000 0.804511 0.000000 0.593938 0.363484 0.363484 0.363484
893.420959 0.000000 397.104767 0.000000 0.967245 0.000000 -0.253844 0.428705 0.428705 0.428705
870.502258 0.000000 412.029541 0.000000 0.439238 0.000000 -0.898371 0.423962 0.423962 0.423962
890.546448 0.000000 398.919373 0.000000 0.895741 0.000000 0.444576 0.389419 0.389419 0.389419
875.153320 0.000000 390.969238 0.000000 0.481329 0.000000 0.876540 0.365851 0.365851 0.365851
866.579956 0.000000 415.771729 0.000000 0.991624 0.000000 0.129156 0.395214 0.395214 0.395214
890.012634 0.000000 396.359650 0.000000 0.165936 0.000000 0.986136 0.328490 0.328490 0.328490
874.540894 0.000000 396.940369 0.000000 0.936092 0.000000 -0.351756 0.414179 0.414179 0.414179
892.621094 0.000000 407.653778 0.000000 0.259280 0.000000 0.965802 0.324864 0.324864 0.324864
875.934021 0.000000 388.771606 0.000000 0.890921 0.000000 -0.454159 0.428482 0.428482 0.428482
876.387390 0.000000 413.845612 0.000000 0.474878 0.000000 -0.880052 0.461783 0.461783 0.461783
872.977295 0.000000 390.463562 0.000000 0.456628 0.000000 0.889658 0.337033 0.337033 0.337033
845.279846 0.000000 436.693970 0.000000 0.671405 0.000000 0.741091 0.390831 0.390831 0.390831
856.975769 0.000000 445.985779 0.000000 0.516518 0.000000 0.856276 0.384601 0.384601 0.384601
838.510071 0.000000 444.013916 0.000000 0.997401 0.000000 -0.072053 0.401692 0.401692 0.401692
835.925171 0.000000 437.537323 0.000000 0.095284 0.000000 0.995450 0.347697 0.347697 0.347697
834.423401 0.000000 434.807678 0.000000 0.213814 0.000000 -0.976874 0.453461 0.453461 0.453461
855.721558 0.000000 420.231384 0.000000 0.642977 0.000000 -0.765886 0.438333 0.438333 0.438333
838.788025 0.000000 440.620270 0.000000 0.376664 0.000000 0.926350 0.349132 0.349132 0.349132
887.926270 0.000000 426.764709 0.000000 0.399791 0.000000 0.916606 0.398263 0.398263 0.398263
882.388672 0.000000 438.749695 0.000000 0.311752 0.000000 0.950164 0.394366 0.394366 0.394366
879.444153 0.000000 443.756836 0.000000 0.147703 0.000000 0.989032 0.384374 0.384374 0.384374
881.536255 0.000000 416.076263 0.000000 0.056090 0.000000 -0.998426 0.418907 0.418907 0.418907
867.917358 0.000000 437.537323 0.000000 0.523734 0.000000 -0.851882 0.428508 0.428508 0.428508
867.185181 0.000000 418.138367 0.000000 0.438352 0.000000 -0.898803 0.442946 0.442946 0.442946
884.505310 0.000000 416.830505 0.000000 0.680596 0.000000 -0.732659 0.433664 0.433664 0.433664
866.244934 0.000000 442.500580 0.000000 0.956604 0.000000 0.291392 0.384646 0.384646 0.384646
869.842163 0.000000 418.597717 0.000000 0.954724 0.000000 -0.297492 0.413725 0.413725 0.413725
868.419312 0.000000 443.203308 0.000000 0.767879 0.000000 -0.640595 0.439923 0.439923 0.439923
879.150085 0.000000 437.888062 0.000000 0.045095 0.000000 -0.998983 0.487606 0.487606 0.487606
869.817810 0.000000 438.617889 0.000000 0.441853 0.000000 0.897087 0.338862 0.338862 0.338862
775.603271 0.000000 464.250885 0.000000 0.552986 0.000000 0.833191 0.365578 0.365578 0.365578
777.751160 0.000000 458.516907 0.000000 0.484103 0.000000 0.875011 0.355313 0.355313 0.355313
786.803528 0.000000 476.484650 0.000000 0.222900 0.000000 -0.974841 0.477289 0.477289 0.477289
774.612854 0.000000 458.169281 0.000000 0.296003 0.000000 -0.955187 0.472941 0.472941 0.472941
768.985352 0.000000 458.066772 0.000000 0.954999 0.000000 -0.296609 0.422855 0.422855 0.422855
787.054749 0.000000 458.114319 0.000000 0.558506 0.000000 0.829500 0.343830 0.343830 0.343830
785.026611 0.000000 473.772095 0.000000 0.985106 0.000000 0.171949 0.390077 0.390077 0.390077
774.114990 0.000000 462.593628 0.000000 0.583416 0.000000 0.812174 0.337527 0.337527 0.337527
780.410828 0.000000 477.814362 0.000000 0.038756 0.000000 0.999249 0.312030 0.312030 0.312030
830.030518 0.000000 469.680176 0.000000 0.799668 0.000000 -0.600442 0.407718 0.407718 0.407718
812.929443 0.000000 470.967896 0.000000 0.978056 0.000000 -0.208341 0.412051 0.412051 0.412051
790.418823 0.000000 497.955261 0.000000 0.997878 0.000000 0.065109 0.398243 0.398243 0.398243
780.514343 0.000000 498.125793 0.000000 0.952834 0.000000 -0.303493 0.412779 0.412779 0.412779
774.803650 0.000000 504.589020 0.000000 0.572978 0.000000 0.819571 0.344838 0.344838 0.344838
790.127808 0.000000 486.091919 0.000000 0.071519 0.000000 0.997439 0.313914 0.313914 0.313914
768.985352 0.000000 490.051147 0.000000 0.874353 0.000000 -0.485291 0.433902 0.433902 0.433902
796.644531 0.000000 503.606903 0.000000 0.935693 0.000000 -0.352815 0.417104 0.417104 0.417104
830.516479 0.000000 490.173706 0.000000 0.990063 0.000000 0.140627 0.395139 0.395139 0.395139
830.885193 0.000000 505.302246 0.000000 0.355586 0.000000 -0.934643 0.440387 0.440387 0.440387
817.351440 0.000000 492.566071 0.000000 0.993752 0.000000 0.111613 0.393578 0.393578 0.393578
827.150269 0.000000 485.396667 0.000000 0.708467 0.000000 0.705744 0.355013 0.355013 0.355013
808.992920 0.000000 486.416687 0.000000 0.518561 0.000000 0.855041 0.341108 0.341108 0.341108
834.423401 0.000000 466.792053 0.000000 0.060051 0.000000 -0.998195 0.453556 0.453556 0.453556
858.850769 0.000000 455.670471 0.000000 0.503046 0.000000 0.864260 0.349452 0.349452 0.349452
847.157898 0.000000 469.872437 0.000000 0.171059 0.000000 -0.985261 0.477531 0.477531 0.477531
859.142456 0.000000 453.412292 0.000000 0.664757 0.000000 0.747060 0.351558 0.351558 0.351558
875.530212 0.000000 450.430450 0.000000 0.505427 0.000000 0.862870 0.359460 0.359460 0.359460
895.465210 0.000000 475.809204 0.000000 0.819158 0.000000 0.573569 0.371329 0.371329 0.371329
882.780090 0.000000 476.484650 0.000000 0.639925 0.000000 -0.768437 0.450323 0.450323 0.450323
867.872192 0.000000 464.867981 0.000000 0.447429 0.000000 -0.894319 0.449189 0.449189 0.449189
835.192993 0.000000 482.107117 0.000000 0.123753 0.000000 -0.992313 0.439008 0.439008 0.439008
858.020447 0.000000 492.312775 0.000000 0.027689 0.000000 -0.999617 0.453164 0.453164 0.453164
842.548706 0.000000 492.893494 0.000000 0.311072 0.000000 0.950386 0.342374 0.342374 0.342374
850.787903 0.000000 508.469025 0.000000 0.026972 0.000000 0.999636 0.338332 0.338332 0.338332
866.569946 0.000000 509.036469 0.000000 0.679215 0.000000 0.733939 0.395885 0.395885 0.395885
888.967957 0.000000 509.954529 0.000000 0.977623 0.000000 -0.210365 0.402752 0.402752 0.402752
879.144714 0.000000 497.664917 0.000000 0.881357 0.000000 0.472450 0.387224 0.387224 0.387224
864.961914 0.000000 490.051147 0.000000 0.570679 0.000000 -0.821173 0.443777 0.443777 0.443777
892.621094 0.000000 503.606903 0.000000 0.328370 0.000000 0.944549 0.329016 0.329016 0.329016
877.573425 0.000000 495.886017 0.000000 0.977531 0.000000 0.210789 0.388547 0.388547 0.388547
878.121216 0.000000 505.963837 0.000000 0.024719 0.000000 -0.999694 0.488777 0.488777 0.488777
918.724243 0.000000 405.457031 0.000000 0.013968 0.000000 -0.999902 0.427207 0.427207 0.427207
915.701782 0.000000 403.526642 0.000000 0.997956 0.000000 0.063908 0.397924 0.397924 0.397924
908.483093 0.000000 402.172668 0.000000 0.521829 0.000000 -0.853050 0.440816 0.440816 0.440816
898.237122 0.000000 410.516205 0.000000 0.055157 0.000000 -0.998478 0.530163 0.530163 0.530163
897.910217 0.000000 407.486877 0.000000 0.750232 0.000000 -0.661175 0.450858 0.450858 0.450858
913.328003 0.000000 396.612946 0.000000 0.041529 0.000000 0.999137 0.316007 0.316007 0.316007
916.459534 0.000000 405.568542 0.000000 0.493140 0.000000 0.869950 0.339415 0.339415 0.339415
911.142273 0.000000 405.903687 0.000000 0.497172 0.000000 0.867652 0.343353 0.343353 0.343353
943.120667 0.000000 408.139801 0.000000 0.999536 0.000000 0.030460 0.399209 0.399209 0.399209
950.245239 0.000000 412.916229 0.000000 0.925132 0.000000 -0.379646 0.417305 0.417305 0.417305
940.416321 0.000000 392.785248 0.000000 0.630884 0.000000 -0.775877 0.450996 0.450996 0.450996
920.960144 0.000000 445.985779 0.000000 0.853110 0.000000 0.521730 0.392600 0.392600 0.392600
896.032288 0.000000 441.348694 0.000000 0.891320 0.000000 -0.453374 0.411512 0.411512 0.411512
903.572021 0.000000 432.266510 0.000000 0.707527 0.000000 0.706687 0.374137 0.374137 0.374137
903.464722 0.000000 436.121307 0.000000 0.211449 0.000000 0.977389 0.328817 0.328817 0.328817
905.666870 0.000000 439.959595 0.000000 0.188980 0.000000 0.981981 0.320721 0.320721 0.320721
927.572510 0.000000 439.216003 0.000000 0.640603 0.000000 -0.767872 0.461201 0.461201 0.461201
933.459290 0.000000 434.695648 0.000000 0.074864 0.000000 -0.997194 0.417926 0.417926 0.417926
930.454102 0.000000 427.956085 0.000000 0.350773 0.000000 -0.936460 0.459326 0.459326 0.459326
933.358887 0.000000 428.328339 0.000000 0.187002 0.000000 -0.982360 0.452470 0.452470 0.452470
929.902405 0.000000 439.471252 0.000000 0.997172 0.000000 -0.075152 0.405296 0.405296 0.405296
933.826538 0.000000 418.597717 0.000000 0.878178 0.000000 0.478335 0.378583 0.378583 0.378583
966.756775 0.000000 408.635895 0.000000 0.876715 0.000000 -0.481010 0.428814 0.428814 0.428814
904.315491 0.000000 456.486633 0.000000 0.923780 0.000000 -0.382924 0.402747 0.402747 0.402747
913.541870 0.000000 453.350861 0.000000 0.997583 0.000000 -0.069483 0.401805 0.401805 0.401805
926.413208 0.000000 465.852081 0.000000 0.637938 0.000000 -0.770088 0.423700 0.423700 0.423700
898.237122 0.000000 474.484955 0.000000 0.628999 0.000000 0.777407 0.351978 0.351978 0.351978
896.431763 0.000000 476.047241 0.000000 0.804636 0.000000 -0.593768 0.435235 0.435235 0.435235
916.459534 0.000000 469.537292 0.000000 0.912001 0.000000 -0.410187 0.428068 0.428068 0.428068
940.475281 0.000000 466.141418 0.000000 0.957519 0.000000 -0.288372 0.413876 0.413876 0.413876
946.764465 0.000000 476.484650 0.000000 0.680447 0.000000 0.732797 0.363863 0.363863 0.363863
934.764587 0.000000 472.604645 0.000000 0.667902 0.000000 0.744249 0.363117 0.363117 0.363117
935.456909 0.000000 468.105682 0.000000 0.503595 0.000000 -0.863940 0.459892 0.459892 0.459892
934.075928 0.000000 462.593628 0.000000 0.765111 0.000000 -0.643898 0.437027 0.437027 0.437027
936.961670 0.000000 454.432312 0.000000 0.002657 0.000000 -0.999996 0.490043 0.490043 0.490043
926.007080 0.000000 501.664551 0.000000 0.214172 0.000000 0.976796 0.383087 0.383087 0.383087
910.167419 0.000000 487.417816 0.000000 0.745868 0.000000 0.666094 0.381073 0.381073 0.381073
923.464600 0.000000 490.027039 0.000000 0.776085 0.000000 0.630628 0.384668 0.384668 0.384668
898.572144 0.000000 511.724854 0.000000 0.948581 0.000000 -0.316534 0.413348 0.413348 0.413348
903.152222 0.000000 485.345337 0.000000 0.516714 0.000000 0.856158 0.354327 0.354327 0.354327
901.366699 0.000000 492.297089 0.000000 0.009462 0.000000 -0.999955 0.469383 0.469383 0.469383
905.719910 0.000000 490.501282 0.000000 0.205130 0.000000 0.978735 0.327797 0.327797 0.327797
913.924988 0.000000 488.037323 0.000000 0.814256 0.000000 0.580506 0.364437 0.364437 0.364437
919.900696 0.000000 503.858917 0.000000 0.411570 0.000000 0.911378 0.334160 0.334160 0.334160
901.834351 0.000000 482.566467 0.000000 0.859919 0.000000 0.510431 0.370578 0.370578 0.370578
924.613281 0.000000 503.606903 0.000000 0.469151 0.000000 -0.883118 0.462156 0.462156 0.462156
916.459534 0.000000 501.521667 0.000000 0.389837 0.000000 -0.920884 0.467202 0.467202 0.467202
943.129089 0.000000 497.664917 0.000000 0.996816 0.000000 -0.079734 0.402112 0.402112 0.402112
940.623962 0.000000 507.654633 0.000000 0.713974 0.000000 -0.700172 0.430595 0.430595 0.430595
955.598022 0.000000 508.633759 0.000000 0.976854 0.000000 -0.213907 0.409903 0.409903 0.409903
939.514587 0.000000 482.414825 0.000000 0.460470 0.000000 -0.887675 0.447448 0.447448 0.447448
930.229309 0.000000 506.469330 0.000000 0.182154 0.000000 -0.983270 0.479678 0.479678 0.479678
944.120544 0.000000 482.785858 0.000000 0.903035 0.000000 0.429566 0.374505 0.374505 0.374505
941.557800 0.000000 495.886017 0.000000 0.943029 0.000000 0.332710 0.374936 0.374936 0.374936
943.311768 0.000000 485.468964 0.000000 0.597810 0.000000 0.801638 0.351241 0.351241 0.351241
953.298401 0.000000 489.126892 0.000000 0.990623 0.000000 -0.136620 0.407869 0.407869 0.407869
121.155441 0.000000 605.907654 0.000000 0.494350 0.000000 -0.869263 0.413153 0.413153 0.413153
151.253510 0.000000 616.365112 0.000000 0.761729 0.000000 -0.647896 0.434489 0.434489 0.434489
191.637085 0.000000 635.731079 0.000000 0.634078 0.000000 -0.773269 0.475035 0.475035 0.475035
188.792969 0.000000 631.544434 0.000000 0.578922 0.000000 -0.815383 0.444747 0.444747 0.444747
191.752228 0.000000 631.122253 0.000000 0.939830 0.000000 -0.341642 0.421065 0.421065 0.421065
222.225662 0.000000 638.056091 0.000000 0.997774 0.000000 0.066687 0.399200 0.399200 0.399200
229.631134 0.000000 626.601868 0.000000 0.364277 0.000000 0.931291 0.381458 0.381458 0.381458
230.658524 0.000000 635.920166 0.000000 0.529053 0.000000 0.848589 0.382292 0.382292 0.382292
226.401184 0.000000 634.406860 0.000000 0.758328 0.000000 -0.651873 0.439708 0.439708 0.439708
230.936462 0.000000 632.526550 0.000000 0.868176 0.000000 -0.496256 0.422817 0.422817 0.422817
224.595810 0.000000 635.969116 0.000000 0.448651 0.000000 -0.893707 0.456305 0.456305 0.456305
228.575531 0.000000 635.109558 0.000000 0.161592 0.000000 -0.986858 0.473844 0.473844 0.473844
68.067719 0.000000 718.313965 0.000000 0.019543 0.000000 -0.999809 0.410069 0.410069 0.410069
69.569824 0.000000 716.187744 0.000000 0.982915 0.000000 -0.184060 0.408504 0.408504 0.408504
72.518600 0.000000 744.346008 0.000000 0.297206 0.000000 -0.954813 0.408237 0.408237 0.408237
81.731598 0.000000 735.920044 0.000000 0.935503 0.000000 0.353319 0.395312 0.395312 0.395312
73.804565 0.000000 740.149780 0.000000 0.237551 0.000000 0.971375 0.372753 0.372753 0.372753
81.745026 0.000000 741.210266 0.000000 0.964504 0.000000 -0.264069 0.405604 0.405604 0.405604
76.129349 0.000000 740.599731 0.000000 0.571677 0.000000 -0.820479 0.451890 0.451890 0.451890
260.020660 0.000000 624.789856 0.000000 0.998334 0.000000 -0.057702 0.403200 0.403200 0.403200
298.681519 0.000000 620.830994 0.000000 0.084671 0.000000 0.996409 0.324317 0.324317 0.324317
292.012848 0.000000 624.789856 0.000000 0.950722 0.000000 -0.310046 0.423610 0.423610 0.423610
294.232178 0.000000 622.515503 0.000000 0.818042 0.000000 0.575159 0.366343 0.366343 0.366343
318.641510 0.000000 682.079956 0.000000 0.475527 0.000000 -0.879701 0.428454 0.428454 0.428454
344.799255 0.000000 678.409729 0.000000 0.904862 0.000000 0.425705 0.390778 0.390778 0.390778
347.605225 0.000000 681.933289 0.000000 0.497881 0.000000 0.867245 0.371175 0.371175 0.371175
346.975769 0.000000 679.561096 0.000000 0.086882 0.000000 0.996219 0.327394 0.327394 0.327394
71.775162 0.000000 784.094604 0.000000 0.848710 0.000000 0.528858 0.386644 0.386644 0.386644
70.784752 0.000000 778.013062 0.000000 0.843926 0.000000 -0.536460 0.428273 0.428273 0.428273
59.675537 0.000000 841.855164 0.000000 0.593049 0.000000 0.805166 0.376166 0.376166 0.376166
61.141159 0.000000 847.583557 0.000000 0.227955 0.000000 0.973672 0.298238 0.298238 0.298238
44.137165 0.000000 900.521606 0.000000 0.996704 0.000000 0.081120 0.395499 0.395499 0.395499
72.171799 0.000000 926.623779 0.000000 0.998234 0.000000 -0.059407 0.402137 0.402137 0.402137
74.772171 0.000000 927.722046 0.000000 0.996611 0.000000 0.082260 0.398849 0.398849 0.398849
619.996521 0.000000 516.709106 0.000000 0.527155 0.000000 0.849769 0.341687 0.341687 0.341687
622.103638 0.000000 575.211487 0.000000 0.818646 0.000000 -0.574298 0.415883 0.415883 0.415883
615.222534 0.000000 549.314087 0.000000 0.998159 0.000000 0.060657 0.397394 0.397394 0.397394
613.437012 0.000000 556.265869 0.000000 0.140214 0.000000 -0.990121 0.454269 0.454269 0.454269
639.527710 0.000000 571.762329 0.000000 0.242056 0.000000 -0.970262 0.457615 0.457615 0.457615
614.651917 0.000000 554.122437 0.000000 0.378580 0.000000 0.925569 0.339184 0.339184 0.339184
613.904663 0.000000 546.535217 0.000000 0.461760 0.000000 0.887005 0.340632 0.340632 0.340632
633.784729 0.000000 564.581970 0.000000 0.716056 0.000000 0.698043 0.357177 0.357177 0.357177
627.093811 0.000000 554.067444 0.000000 0.713526 0.000000 -0.700629 0.441474 0.441474 0.441474
612.481812 0.000000 571.140808 0.000000 0.962691 0.000000 -0.270604 0.415734 0.415734 0.415734
612.690857 0.000000 580.838745 0.000000 0.983159 0.000000 0.182753 0.397889 0.397889 0.397889
625.612183 0.000000 581.288391 0.000000 0.581871 0.000000 -0.813281 0.417072 0.417072 0.417072
616.149048 0.000000 577.593994 0.000000 0.846006 0.000000 -0.533174 0.418532 0.418532 0.418532
619.592712 0.000000 578.367981 0.000000 0.731202 0.000000 -0.682162 0.432236 0.432236 0.432236
615.222534 0.000000 581.298462 0.000000 0.313397 0.000000 0.949622 0.354364 0.354364 0.354364
624.198669 0.000000 578.738953 0.000000 0.051826 0.000000 0.998656 0.312781 0.312781 0.312781
641.004883 0.000000 516.478271 0.000000 0.848319 0.000000 0.529486 0.385512 0.385512 0.385512
651.988708 0.000000 516.709106 0.000000 0.392063 0.000000 -0.919938 0.460648 0.460648 0.460648
693.327148 0.000000 515.720764 0.000000 0.811345 0.000000 -0.584567 0.404364 0.404364 0.404364
692.605530 0.000000 519.952759 0.000000 0.588070 0.000000 -0.808810 0.417876 0.417876 0.417876
695.760620 0.000000 516.184509 0.000000 0.951267 0.000000 -0.308369 0.418000 0.418000 0.418000
694.151245 0.000000 518.076294 0.000000 0.318977 0.000000 -0.947763 0.452888 0.452888 0.452888
685.620300 0.000000 527.870361 0.000000 0.667799 0.000000 -0.744341 0.443177 0.443177 0.443177
703.627197 0.000000 535.169128 0.000000 0.209957 0.000000 0.977711 0.321950 0.321950 0.321950
688.376709 0.000000 527.874939 0.000000 0.999588 0.000000 0.028703 0.398352 0.398352 0.398352
640.094788 0.000000 569.286194 0.000000 0.701752 0.000000 0.712421 0.384955 0.384955 0.384955
654.095825 0.000000 575.211487 0.000000 0.941820 0.000000 -0.336117 0.407873 0.407873 0.407873
647.634521 0.000000 560.203979 0.000000 0.019902 0.000000 -0.999802 0.440268 0.440268 0.440268
645.024292 0.000000 574.575867 0.000000 0.518029 0.000000 -0.855363 0.439456 0.439456 0.439456
652.694275 0.000000 571.623413 0.000000 0.832769 0.000000 -0.553621 0.419042 0.419042 0.419042
642.299622 0.000000 570.438110 0.000000 0.423314 0.000000 0.905983 0.347922 0.347922 0.347922
641.972717 0.000000 567.408752 0.000000 0.452226 0.000000 0.891903 0.336749 0.336749 0.336749
641.016602 0.000000 554.019897 0.000000 0.201686 0.000000 -0.979450 0.478535 0.478535 0.478535
640.494263 0.000000 572.000366 0.000000 0.075791 0.000000 -0.997124 0.514204 0.514204 0.514204
644.473999 0.000000 571.140808 0.000000 0.936027 0.000000 -0.351929 0.420650 0.420650 0.420650
681.656128 0.000000 548.243530 0.000000 0.942027 0.000000 0.335537 0.392824 0.392824 0.392824
680.133423 0.000000 545.609619 0.000000 0.064342 0.000000 0.997928 0.345092 0.345092 0.345092
675.250122 0.000000 551.182983 0.000000 0.231424 0.000000 0.972853 0.327220 0.327220 0.327220
685.620300 0.000000 559.854736 0.000000 0.373347 0.000000 0.927692 0.331774 0.331774 0.331774
703.943970 0.000000 524.185181 0.000000 0.655742 0.000000 -0.754985 0.411535 0.411535 0.411535
716.678650 0.000000 539.639038 0.000000 0.997831 0.000000 -0.065834 0.402171 0.402171 0.402171
713.766785 0.000000 522.485657 0.000000 0.355496 0.000000 -0.934678 0.451242 0.451242 0.451242
719.366455 0.000000 517.453308 0.000000 0.990306 0.000000 0.138906 0.391998 0.391998 0.391998
766.640930 0.000000 512.153320 0.000000 0.094870 0.000000 -0.995490 0.456739 0.456739 0.456739
759.744995 0.000000 516.184509 0.000000 0.682467 0.000000 -0.730916 0.440517 0.440517 0.440517
748.463196 0.000000 520.722778 0.000000 0.456507 0.000000 -0.889720 0.462975 0.462975 0.462975
761.427917 0.000000 513.474426 0.000000 0.901866 0.000000 -0.432017 0.427882 0.427882 0.427882
766.092834 0.000000 574.087341 0.000000 0.999693 0.000000 0.024793 0.399728 0.399728 0.399728
751.286926 0.000000 557.859680 0.000000 0.947904 0.000000 0.318557 0.392877 0.392877 0.392877
741.000854 0.000000 574.575867 0.000000 0.921845 0.000000 -0.387559 0.417487 0.417487 0.417487
754.811340 0.000000 572.437805 0.000000 0.893127 0.000000 -0.449804 0.424693 0.424693 0.424693
750.605164 0.000000 555.546997 0.000000 0.998442 0.000000 -0.055794 0.402982 0.402982 0.402982
742.122803 0.000000 558.546753 0.000000 0.475319 0.000000 0.879813 0.338246 0.338246 0.338246
760.768921 0.000000 560.072510 0.000000 0.956514 0.000000 -0.291686 0.416996 0.416996 0.416996
650.631531 0.000000 575.893921 0.000000 0.353064 0.000000 -0.935599 0.412687 0.412687 0.412687
666.067322 0.000000 588.265930 0.000000 0.295559 0.000000 -0.955324 0.464085 0.464085 0.464085
663.768433 0.000000 580.153259 0.000000 0.992468 0.000000 -0.122500 0.407052 0.407052 0.407052
686.588074 0.000000 576.578613 0.000000 0.530223 0.000000 -0.847858 0.433853 0.433853 0.433853
703.512085 0.000000 603.746704 0.000000 0.207480 0.000000 0.978239 0.343563 0.343563 0.343563
678.827087 0.000000 600.542175 0.000000 0.142376 0.000000 0.989813 0.318720 0.318720 0.318720
685.620300 0.000000 591.839111 0.000000 0.395419 0.000000 0.918501 0.333147 0.333147 0.333147
702.723450 0.000000 583.950378 0.000000 0.999801 0.000000 0.019953 0.398874 0.398874 0.398874
719.294739 0.000000 589.844055 0.000000 0.766785 0.000000 0.641904 0.384688 0.384688 0.384688
723.790955 0.000000 588.506470 0.000000 0.329331 0.000000 0.944215 0.370396 0.370396 0.370396
719.183777 0.000000 593.618042 0.000000 0.065086 0.000000 0.997880 0.365418 0.365418 0.365418
721.374878 0.000000 588.519226 0.000000 0.730009 0.000000 0.683437 0.365810 0.365810 0.365810
711.511597 0.000000 596.043152 0.000000 0.333917 0.000000 0.942602 0.335496 0.335496 0.335496
723.070374 0.000000 586.051819 0.000000 0.908587 0.000000 0.417696 0.379130 0.379130 0.379130
720.368896 0.000000 591.843689 0.000000 0.703970 0.000000 -0.710230 0.445352 0.445352 0.445352
744.117798 0.000000 577.593994 0.000000 0.628292 0.000000 -0.777978 0.428932 0.428932 0.428932
741.750671 0.000000 583.429810 0.000000 0.999650 0.000000 -0.026456 0.400991 0.400991 0.400991
763.644897 0.000000 604.586914 0.000000 0.225983 0.000000 -0.974131 0.464368 0.464368 0.464368
748.522156 0.000000 594.078918 0.000000 0.982038 0.000000 0.188683 0.391849 0.391849 0.391849
743.191284 0.000000 581.298462 0.000000 0.203920 0.000000 0.978988 0.328414 0.328414 0.328414
759.744995 0.000000 580.153259 0.000000 0.999761 0.000000 -0.021848 0.401124 0.401124 0.401124
759.939758 0.000000 599.812073 0.000000 0.886039 0.000000 0.463611 0.372319 0.372319 0.372319
747.965271 0.000000 580.677856 0.000000 0.522007 0.000000 -0.852941 0.458661 0.458661 0.458661
750.152466 0.000000 601.916992 0.000000 0.791602 0.000000 0.611038 0.362253 0.362253 0.362253
750.633057 0.000000 585.422241 0.000000 0.317656 0.000000 0.948206 0.315284 0.315284 0.315284
728.705505 0.000000 614.440979 0.000000 0.468477 0.000000 -0.883476 0.416767 0.416767 0.416767
727.752808 0.000000 612.137634 0.000000 0.049509 0.000000 -0.998774 0.472160 0.472160 0.472160
721.971863 0.000000 615.974854 0.000000 0.616583 0.000000 0.787290 0.347954 0.347954 0.347954
726.143433 0.000000 614.029419 0.000000 0.897795 0.000000 0.440413 0.374724 0.374724 0.374724
740.659607 0.000000 612.823120 0.000000 0.565304 0.000000 0.824882 0.387408 0.387408 0.387408
750.206482 0.000000 615.355347 0.000000 0.684720 0.000000 0.728806 0.383283 0.383283 0.383283
762.577698 0.000000 622.809998 0.000000 0.526509 0.000000 0.850170 0.376657 0.376657 0.376657
760.768921 0.000000 624.041260 0.000000 0.722965 0.000000 -0.690885 0.443795 0.443795 0.443795
745.008545 0.000000 614.354187 0.000000 0.700959 0.000000 -0.713201 0.445595 0.445595 0.445595
797.444397 0.000000 525.042297 0.000000 0.460742 0.000000 0.887534 0.388005 0.388005 0.388005
773.498352 0.000000 530.648743 0.000000 0.769193 0.000000 0.639017 0.388924 0.388924 0.388924
777.632690 0.000000 516.259155 0.000000 0.331692 0.000000 0.943388 0.374149 0.374149 0.374149
783.279114 0.000000 525.875305 0.000000 0.586962 0.000000 0.809614 0.375974 0.375974 0.375974
791.585693 0.000000 512.462158 0.000000 0.438114 0.000000 0.898919 0.374896 0.374896 0.374896
768.985352 0.000000 522.035522 0.000000 0.851293 0.000000 0.524690 0.368284 0.368284 0.368284
781.596863 0.000000 527.870361 0.000000 0.228861 0.000000 -0.973459 0.469578 0.469578 0.469578
819.725220 0.000000 531.464172 0.000000 0.735863 0.000000 0.677131 0.377715 0.377715 0.377715
822.411011 0.000000 529.939636 0.000000 0.322326 0.000000 0.946629 0.367116 0.367116 0.367116
823.924133 0.000000 535.843323 0.000000 0.937326 0.000000 -0.348455 0.420437 0.420437 0.420437
820.482971 0.000000 533.506042 0.000000 0.583745 0.000000 -0.811937 0.454404 0.454404 0.454404
815.165710 0.000000 533.841187 0.000000 0.607198 0.000000 -0.794550 0.452727 0.452727 0.452727
785.956238 0.000000 552.006104 0.000000 0.893900 0.000000 -0.448266 0.435510 0.435510 0.435510
780.937256 0.000000 566.921021 0.000000 0.769792 0.000000 -0.638294 0.439751 0.439751 0.439751
784.353271 0.000000 559.859314 0.000000 0.763558 0.000000 -0.645739 0.440309 0.440309 0.440309
793.337463 0.000000 553.095642 0.000000 0.535215 0.000000 0.844716 0.342233 0.342233 0.342233
809.624878 0.000000 548.243530 0.000000 0.459139 0.000000 0.888364 0.377609 0.377609 0.377609
808.102173 0.000000 545.609619 0.000000 0.744252 0.000000 -0.667899 0.427024 0.427024 0.427024
811.545837 0.000000 546.383606 0.000000 0.284580 0.000000 -0.958652 0.448017 0.448017 0.448017
821.406982 0.000000 554.620422 0.000000 0.990707 0.000000 0.136016 0.393664 0.393664 0.393664
800.455200 0.000000 572.000366 0.000000 0.343785 0.000000 -0.939048 0.463954 0.463954 0.463954
822.513489 0.000000 556.665283 0.000000 0.741430 0.000000 0.671031 0.357762 0.357762 0.357762
854.268677 0.000000 540.853760 0.000000 0.955006 0.000000 -0.296587 0.410224 0.410224 0.410224
832.969727 0.000000 522.035522 0.000000 0.138015 0.000000 0.990430 0.332773 0.332773 0.332773
841.682495 0.000000 535.912720 0.000000 0.970637 0.000000 -0.240550 0.413949 0.413949 0.413949
857.321838 0.000000 521.111267 0.000000 0.081070 0.000000 0.996708 0.314464 0.314464 0.314464
886.395386 0.000000 529.939636 0.000000 0.741454 0.000000 0.671004 0.381269 0.381269 0.381269
866.415588 0.000000 530.760803 0.000000 0.965183 0.000000 -0.261574 0.411100 0.411100 0.411100
892.938049 0.000000 527.739807 0.000000 0.982076 0.000000 0.188484 0.391952 0.391952 0.391952
884.367188 0.000000 526.822754 0.000000 0.283127 0.000000 -0.959083 0.473713 0.473713 0.473713
884.467346 0.000000 533.506042 0.000000 0.490520 0.000000 -0.871430 0.460757 0.460757 0.460757
853.288086 0.000000 547.705139 0.000000 0.989847 0.000000 -0.142140 0.401139 0.401139 0.401139
856.674255 0.000000 550.472229 0.000000 0.427444 0.000000 -0.904042 0.418605 0.418605 0.418605
855.721558 0.000000 548.168884 0.000000 0.233449 0.000000 0.972369 0.323334 0.323334 0.323334
854.112183 0.000000 550.060669 0.000000 0.627464 0.000000 -0.778645 0.447683 0.447683 0.447683
840.985107 0.000000 550.385437 0.000000 0.910392 0.000000 -0.413747 0.424494 0.424494 0.424494
870.091553 0.000000 558.546753 0.000000 0.669521 0.000000 0.742793 0.352762 0.352762 0.352762
779.553650 0.000000 578.367981 0.000000 0.932223 0.000000 -0.361884 0.413682 0.413682 0.413682
778.564331 0.000000 588.846619 0.000000 0.835275 0.000000 -0.549833 0.424417 0.424417 0.424417
791.931946 0.000000 599.812073 0.000000 0.786032 0.000000 0.618186 0.362399 0.362399 0.362399
782.597351 0.000000 587.531372 0.000000 0.049236 0.000000 0.998787 0.311113 0.311113 0.311113
781.596863 0.000000 591.839111 0.000000 0.972943 0.000000 0.231045 0.387427 0.387427 0.387427
812.312622 0.000000 586.880981 0.000000 0.081793 0.000000 -0.996649 0.420816 0.420816 0.420816
822.411011 0.000000 593.908386 0.000000 0.505502 0.000000 0.862826 0.368818 0.368818 0.368818
803.200806 0.000000 578.060242 0.000000 0.614648 0.000000 -0.788801 0.429497 0.429497 0.429497
821.107666 0.000000 599.629944 0.000000 0.003121 0.000000 0.999995 0.344424 0.344424 0.344424
814.589539 0.000000 587.531372 0.000000 0.075284 0.000000 0.997162 0.314131 0.314131 0.314131
825.737854 0.000000 596.566345 0.000000 0.219246 0.000000 0.975670 0.322496 0.322496 0.322496
815.343018 0.000000 581.422058 0.000000 0.241580 0.000000 -0.970381 0.476186 0.476186 0.476186
777.751160 0.000000 618.438782 0.000000 0.805859 0.000000 0.592107 0.366145 0.366145 0.366145
770.268372 0.000000 634.406860 0.000000 0.859974 0.000000 0.510338 0.369247 0.369247 0.369247
769.941467 0.000000 631.377502 0.000000 0.734515 0.000000 0.678592 0.367228 0.367228 0.367228
780.455383 0.000000 616.675903 0.000000 0.508697 0.000000 0.860946 0.340448 0.340448 0.340448
837.727234 0.000000 583.429810 0.000000 0.712983 0.000000 0.701181 0.373229 0.373229 0.373229
853.399170 0.000000 586.604797 0.000000 0.127005 0.000000 0.991902 0.330089 0.330089 0.330089
839.480347 0.000000 596.043152 0.000000 0.999918 0.000000 0.012836 0.399430 0.399430 0.399430
854.505676 0.000000 588.649658 0.000000 0.901951 0.000000 0.431838 0.375475 0.375475 0.375475
844.439758 0.000000 584.691528 0.000000 0.163490 0.000000 -0.986545 0.480766 0.480766 0.480766
876.639587 0.000000 603.607788 0.000000 0.691800 0.000000 0.722089 0.368578 0.368578 0.368578
887.908508 0.000000 599.812073 0.000000 0.949251 0.000000 -0.314520 0.417413 0.417413 0.417413
878.121216 0.000000 601.916992 0.000000 0.508120 0.000000 0.861286 0.340409 0.340409 0.340409
903.883301 0.000000 525.039551 0.000000 0.728368 0.000000 0.685187 0.383793 0.383793 0.383793
900.183716 0.000000 521.910400 0.000000 0.665957 0.000000 -0.745990 0.420181 0.420181 0.420181
910.167419 0.000000 519.402222 0.000000 0.596121 0.000000 -0.802894 0.420479 0.420479 0.420479
915.701782 0.000000 531.464172 0.000000 0.447273 0.000000 0.894397 0.371808 0.371808 0.371808
921.366943 0.000000 539.025940 0.000000 0.508908 0.000000 -0.860821 0.441418 0.441418 0.441418
917.084229 0.000000 535.661194 0.000000 0.464530 0.000000 0.885557 0.350578 0.350578 0.350578
917.383545 0.000000 522.636047 0.000000 0.179341 0.000000 -0.983787 0.470817 0.470817 0.470817
919.900696 0.000000 535.843323 0.000000 0.244000 0.000000 0.969775 0.323957 0.323957 0.323957
912.128357 0.000000 514.770203 0.000000 0.266121 0.000000 -0.963940 0.468881 0.468881 0.468881
915.023499 0.000000 522.083069 0.000000 0.132400 0.000000 -0.991196 0.476109 0.476109 0.476109
911.319580 0.000000 517.453308 0.000000 0.889282 0.000000 -0.457360 0.429174 0.429174 0.429174
939.607300 0.000000 536.951355 0.000000 0.309147 0.000000 -0.951014 0.422586 0.422586 0.422586
934.486633 0.000000 539.967041 0.000000 0.272048 0.000000 0.962284 0.372190 0.372190 0.372190
958.485229 0.000000 522.158081 0.000000 0.985011 0.000000 0.172494 0.394027 0.394027 0.394027
949.076416 0.000000 535.661194 0.000000 0.935940 0.000000 -0.352161 0.415813 0.415813 0.415813
949.375732 0.000000 522.636047 0.000000 0.304432 0.000000 -0.952534 0.466765 0.466765 0.466765
934.573792 0.000000 522.138062 0.000000 0.013495 0.000000 -0.999909 0.489421 0.489421 0.489421
948.451721 0.000000 533.506042 0.000000 0.972208 0.000000 0.234119 0.386431 0.386431 0.386431
915.897522 0.000000 549.748962 0.000000 0.981626 0.000000 -0.190816 0.409970 0.409970 0.409970
932.175903 0.000000 553.894775 0.000000 0.364384 0.000000 0.931249 0.379665 0.379665 0.379665
954.213257 0.000000 547.383545 0.000000 0.994867 0.000000 -0.101189 0.402531 0.402531 0.402531
953.359131 0.000000 571.010315 0.000000 0.506726 0.000000 0.862107 0.361076 0.361076 0.361076
946.486084 0.000000 546.604126 0.000000 0.999896 0.000000 -0.014445 0.400635 0.400635 0.400635
955.598022 0.000000 572.602539 0.000000 0.702667 0.000000 0.711519 0.368377 0.368377 0.368377
933.826538 0.000000 546.535217 0.000000 0.994795 0.000000 0.101892 0.395617 0.395617 0.395617
948.351562 0.000000 558.807129 0.000000 0.037473 0.000000 -0.999298 0.488044 0.488044 0.488044
944.120544 0.000000 546.754578 0.000000 0.298835 0.000000 -0.954305 0.472771 0.472771 0.472771
972.890381 0.000000 534.936646 0.000000 0.645567 0.000000 0.763704 0.350100 0.350100 0.350100
910.033325 0.000000 607.195862 0.000000 0.983732 0.000000 -0.179645 0.403788 0.403788 0.403788
898.237122 0.000000 602.422485 0.000000 0.991367 0.000000 0.131118 0.394156 0.394156 0.394156
950.840637 0.000000 590.857361 0.000000 0.992521 0.000000 0.122070 0.397739 0.397739 0.397739
953.997009 0.000000 588.265930 0.000000 0.993961 0.000000 -0.109738 0.403843 0.403843 0.403843
959.449585 0.000000 603.746704 0.000000 0.088109 0.000000 0.996111 0.323013 0.323013 0.323013
906.569031 0.000000 607.878296 0.000000 0.967286 0.000000 0.253688 0.396798 0.396798 0.396798
920.658630 0.000000 614.440979 0.000000 0.619523 0.000000 -0.784979 0.418930 0.418930 0.418930
936.070923 0.000000 609.578369 0.000000 0.221317 0.000000 0.975202 0.359627 0.359627 0.359627
974.151794 0.000000 583.370972 0.000000 0.126006 0.000000 0.992029 0.365381 0.365381 0.365381
963.161743 0.000000 578.060242 0.000000 0.975384 0.000000 0.220514 0.394005 0.394005 0.394005
972.408508 0.000000 584.691528 0.000000 0.982233 0.000000 0.187666 0.389160 0.389160 0.389160
1013.060791 0.000000 759.551819 0.000000 0.263288 0.000000 0.964717 0.353759 0.353759 0.353759
620.359497 0.000000 874.740356 0.000000 0.736360 0.000000 -0.676590 0.410760 0.410760 0.410760
638.563354 0.000000 873.986206 0.000000 0.997223 0.000000 -0.074476 0.401935 0.401935 0.401935
622.636414 0.000000 875.390747 0.000000 0.975529 0.000000 0.219871 0.389706 0.389706 0.389706
639.527710 0.000000 923.590454 0.000000 0.157749 0.000000 -0.987479 0.458533 0.458533 0.458533
1383.454834 0.000000 240.360245 0.000000 0.881271 0.000000 0.472611 0.386482 0.386482 0.386482
1264.526611 0.000000 372.256866 0.000000 0.715334 0.000000 -0.698783 0.422792 0.422792 0.422792
1260.545776 0.000000 411.701508 0.000000 0.986139 0.000000 0.165919 0.393758 0.393758 0.393758
1257.580933 0.000000 407.975220 0.000000 0.999952 0.000000 -0.009762 0.400526 0.400526 0.400526
1351.773926 0.000000 365.117676 0.000000 0.836772 0.000000 -0.547551 0.410705 0.410705 0.410705
1350.472290 0.000000 362.216156 0.000000 0.066024 0.000000 -0.997818 0.469873 0.469873 0.469873
1388.171997 0.000000 458.943481 0.000000 0.890489 0.000000 -0.455006 0.408255 0.408255 0.408255
1426.329346 0.000000 464.341614 0.000000 0.494200 0.000000 0.869348 0.391581 0.391581 0.391581
1433.589355 0.000000 468.628845 0.000000 0.185623 0.000000 -0.982621 0.498826 0.498826 0.498826
1181.991333 0.000000 702.024841 0.000000 0.619319 0.000000 -0.785139 0.413525 0.413525 0.413525
1174.190552 0.000000 700.775635 0.000000 0.347826 0.000000 -0.937559 0.437023 0.437023 0.437023
1454.400513 0.000000 512.609863 0.000000 0.320675 0.000000 0.947189 0.362100 0.362100 0.362100
1311.930664 0.000000 729.208069 0.000000 0.851291 0.000000 0.524694 0.389796 0.389796 0.389796
1339.504272 0.000000 732.524414 0.000000 0.802502 0.000000 -0.596650 0.425218 0.425218 0.425218
1313.808594 0.000000 727.330627 0.000000 0.871121 0.000000 -0.491068 0.428706 0.428706 0.428706
1311.697266 0.000000 723.051514 0.000000 0.934987 0.000000 -0.354681 0.417198 0.417198 0.417198
2836.914795 0.000000 586.604797 0.000000 0.964588 0.000000 -0.263760 0.420924 0.420924 0.420924
2838.597168 0.000000 584.380737 0.000000 0.985800 0.000000 -0.167923 0.408003 0.408003 0.408003
2843.136963 0.000000 636.571289 0.000000 0.549145 0.000000 -0.835727 0.438536 0.438536 0.438536
2881.923340 0.000000 626.713928 0.000000 0.571374 0.000000 -0.820690 0.439413 0.439413 0.439413
3047.445312 0.000000 574.795654 0.000000 0.219999 0.000000 0.975500 0.344768 0.344768 0.344768
3054.010010 0.000000 576.578613 0.000000 0.065123 0.000000 0.997877 0.345121 0.345121 0.345121
3214.873779 0.000000 571.694336 0.000000 0.982974 0.000000 -0.183745 0.401661 0.401661 0.401661
3308.045898 0.000000 603.607788 0.000000 0.999910 0.000000 -0.013439 0.400490 0.400490 0.400490
3306.226318 0.000000 598.024231 0.000000 0.758327 0.000000 -0.651874 0.423399 0.423399 0.423399
3131.586670 0.000000 979.323975 0.000000 0.793404 0.000000 0.608695 0.371899 0.371899 0.371899
"}
