object={
	name="tree_leaf_high_generator_1_0"
	render_pass=Map
	clamp_to_water_level=no
	generated_content=yes
	layer="tree_high_layer"
	pdxmesh="tree_leaf_01_a_mesh"
	count=13
	transform="830.030518 0.000000 245.789536 0.000000 0.968025 0.000000 -0.250852 0.811141 0.811141 0.811141
3420.761230 0.000000 955.320618 0.000000 0.771933 0.000000 -0.635704 0.999511 0.999511 0.999511
3422.498291 0.000000 939.700745 0.000000 0.221873 0.000000 -0.975076 1.085183 1.085183 1.085183
3424.646729 0.000000 940.751648 0.000000 0.377465 0.000000 -0.926024 1.104983 1.104983 1.104983
3468.281006 0.000000 918.749146 0.000000 0.601658 0.000000 -0.798754 0.971854 0.971854 0.971854
3470.517334 0.000000 917.653687 0.000000 0.884275 0.000000 -0.466966 0.968845 0.968845 0.968845
3469.488525 0.000000 921.760742 0.000000 0.431485 0.000000 0.902120 0.593349 0.593349 0.593349
3463.046631 0.000000 945.990906 0.000000 0.983023 0.000000 -0.183485 0.854177 0.854177 0.854177
3461.047363 0.000000 944.125732 0.000000 0.249133 0.000000 0.968469 0.233608 0.233608 0.233608
2554.906982 0.000000 1311.735596 0.000000 0.806201 0.000000 0.591642 0.794942 0.794942 0.794942
2558.386963 0.000000 1316.492432 0.000000 0.203168 0.000000 0.979144 0.617181 0.617181 0.617181
2852.485352 0.000000 1470.138428 0.000000 0.982569 0.000000 0.185899 0.783568 0.783568 0.783568
3242.094971 0.000000 1306.541260 0.000000 0.997122 0.000000 0.075810 0.786057 0.786057 0.786057
"}
