object={
	name="tree_sakura_01_generator_0"
	render_pass=Map
	clamp_to_water_level=no
	generated_content=yes
	layer="tree_high_layer"
	pdxmesh="tree_sakura_01_mesh"
	count=342
	transform="598.331177 0.000000 508.869354 0.000000 0.374826 0.000000 -0.927095 1.000000 1.000000 1.000000
599.673401 0.000000 507.526947 0.000000 0.930879 0.000000 -0.365327 1.000000 1.000000 1.000000
683.321167 0.000000 399.523743 0.000000 0.930475 0.000000 -0.366355 1.000000 1.000000 1.000000
677.521790 0.000000 402.711273 0.000000 0.903853 0.000000 -0.427844 1.000000 1.000000 1.000000
681.647400 0.000000 402.916840 0.000000 0.647480 0.000000 -0.762083 1.000000 1.000000 1.000000
679.626709 0.000000 400.282135 0.000000 0.452129 0.000000 0.891953 1.000000 1.000000 1.000000
679.519409 0.000000 404.136932 0.000000 0.973982 0.000000 0.226625 1.000000 1.000000 1.000000
651.328979 0.000000 431.508118 0.000000 0.706604 0.000000 0.707609 1.000000 1.000000 1.000000
700.153442 0.000000 441.967346 0.000000 0.408724 0.000000 -0.912658 1.000000 1.000000 1.000000
702.061768 0.000000 437.695801 0.000000 0.308675 0.000000 -0.951168 1.000000 1.000000 1.000000
720.722229 0.000000 426.249146 0.000000 0.941847 0.000000 0.336041 1.000000 1.000000 1.000000
716.336060 0.000000 426.959106 0.000000 0.906693 0.000000 0.421791 1.000000 1.000000 1.000000
719.294739 0.000000 429.922180 0.000000 0.801832 0.000000 -0.597549 1.000000 1.000000 1.000000
718.214294 0.000000 423.449066 0.000000 0.186788 0.000000 0.982400 1.000000 1.000000 1.000000
715.192383 0.000000 422.953613 0.000000 0.919260 0.000000 0.393651 1.000000 1.000000 1.000000
721.971863 0.000000 424.068573 0.000000 0.208431 0.000000 0.978037 1.000000 1.000000 1.000000
718.612976 0.000000 427.609497 0.000000 0.989956 0.000000 -0.141375 1.000000 1.000000 1.000000
716.471008 0.000000 424.769623 0.000000 0.998772 0.000000 0.049543 1.000000 1.000000 1.000000
718.640869 0.000000 425.500366 0.000000 0.999704 0.000000 -0.024332 1.000000 1.000000 1.000000
716.713074 0.000000 423.149689 0.000000 0.321761 0.000000 0.946821 1.000000 1.000000 1.000000
688.730042 0.000000 458.233521 0.000000 0.840279 0.000000 0.542154 1.000000 1.000000 1.000000
691.798767 0.000000 460.568970 0.000000 0.776133 0.000000 -0.630569 1.000000 1.000000 1.000000
688.376709 0.000000 463.906189 0.000000 0.534003 0.000000 -0.845482 1.000000 1.000000 1.000000
690.478516 0.000000 462.296753 0.000000 0.930092 0.000000 0.367327 1.000000 1.000000 1.000000
688.839600 0.000000 462.360321 0.000000 0.996414 0.000000 -0.084606 1.000000 1.000000 1.000000
700.153442 0.000000 505.936096 0.000000 0.834713 0.000000 0.550685 1.000000 1.000000 1.000000
702.108459 0.000000 510.118622 0.000000 0.236339 0.000000 0.971671 1.000000 1.000000 1.000000
711.930176 0.000000 493.055176 0.000000 0.910523 0.000000 -0.413459 1.000000 1.000000 1.000000
794.146973 0.000000 374.981720 0.000000 0.125717 0.000000 0.992066 1.000000 1.000000 1.000000
887.713745 0.000000 356.262634 0.000000 0.639940 0.000000 0.768425 1.000000 1.000000 1.000000
886.104370 0.000000 358.154419 0.000000 0.884547 0.000000 0.466451 1.000000 1.000000 1.000000
770.593384 0.000000 445.067719 0.000000 0.339290 0.000000 0.940682 1.000000 1.000000 1.000000
859.320984 0.000000 384.188690 0.000000 0.995605 0.000000 0.093653 1.000000 1.000000 1.000000
772.993042 0.000000 478.622742 0.000000 0.490395 0.000000 0.871500 1.000000 1.000000 1.000000
775.999939 0.000000 478.842529 0.000000 0.965485 0.000000 -0.260458 1.000000 1.000000 1.000000
777.698120 0.000000 503.928345 0.000000 0.962449 0.000000 -0.271463 1.000000 1.000000 1.000000
861.428772 0.000000 493.057892 0.000000 0.902125 0.000000 -0.431475 1.000000 1.000000 1.000000
858.554260 0.000000 494.872498 0.000000 0.762700 0.000000 0.646752 1.000000 1.000000 1.000000
858.020447 0.000000 492.312775 0.000000 0.027689 0.000000 -0.999617 1.000000 1.000000 1.000000
860.945862 0.000000 495.755432 0.000000 0.280827 0.000000 0.959758 1.000000 1.000000 1.000000
906.262939 0.000000 445.312805 0.000000 0.899545 0.000000 -0.436829 1.000000 1.000000 1.000000
923.305359 0.000000 448.157440 0.000000 0.507469 0.000000 -0.861670 1.000000 1.000000 1.000000
924.983826 0.000000 454.542908 0.000000 0.427066 0.000000 -0.904220 1.000000 1.000000 1.000000
906.569031 0.000000 447.956421 0.000000 0.267545 0.000000 0.963545 1.000000 1.000000 1.000000
925.610535 0.000000 450.969574 0.000000 0.355568 0.000000 -0.934650 1.000000 1.000000 1.000000
922.221069 0.000000 451.430389 0.000000 0.995461 0.000000 -0.095165 1.000000 1.000000 1.000000
926.785278 0.000000 452.914368 0.000000 0.247356 0.000000 -0.968925 1.000000 1.000000 1.000000
927.962219 0.000000 449.425720 0.000000 0.712058 0.000000 -0.702121 1.000000 1.000000 1.000000
954.107910 0.000000 502.919220 0.000000 0.670329 0.000000 -0.742064 1.000000 1.000000 1.000000
112.870636 0.000000 1001.967896 0.000000 0.582178 0.000000 0.813061 1.000000 1.000000 1.000000
111.443169 0.000000 1005.640930 0.000000 0.992759 0.000000 -0.120122 1.000000 1.000000 1.000000
115.939377 0.000000 1004.303345 0.000000 0.990347 0.000000 -0.138613 1.000000 1.000000 1.000000
113.523346 0.000000 1004.316101 0.000000 0.084682 0.000000 0.996408 1.000000 1.000000 1.000000
110.761398 0.000000 1003.328247 0.000000 0.915836 0.000000 -0.401553 1.000000 1.000000 1.000000
115.218826 0.000000 1001.848694 0.000000 0.681998 0.000000 0.731354 1.000000 1.000000 1.000000
409.752502 0.000000 1009.927612 0.000000 0.889587 0.000000 -0.456767 1.000000 1.000000 1.000000
414.132080 0.000000 1013.414551 0.000000 0.479290 0.000000 -0.877657 1.000000 1.000000 1.000000
414.538177 0.000000 1009.586426 0.000000 0.973150 0.000000 -0.230172 1.000000 1.000000 1.000000
412.250671 0.000000 1011.308350 0.000000 0.087012 0.000000 0.996207 1.000000 1.000000 1.000000
415.058258 0.000000 1011.582764 0.000000 0.848705 0.000000 -0.528867 1.000000 1.000000 1.000000
415.916046 0.000000 1010.910889 0.000000 0.483053 0.000000 0.875591 1.000000 1.000000 1.000000
477.522522 0.000000 1004.807922 0.000000 0.631358 0.000000 -0.775491 1.000000 1.000000 1.000000
478.602448 0.000000 1001.923706 0.000000 0.957978 0.000000 0.286841 1.000000 1.000000 1.000000
479.998688 0.000000 1003.950806 0.000000 0.998882 0.000000 -0.047267 1.000000 1.000000 1.000000
564.636780 0.000000 519.952759 0.000000 0.616855 0.000000 0.787077 1.000000 1.000000 1.000000
559.333801 0.000000 557.859680 0.000000 0.254576 0.000000 -0.967053 1.000000 1.000000 1.000000
558.652039 0.000000 555.546997 0.000000 0.139865 0.000000 0.990171 1.000000 1.000000 1.000000
554.257996 0.000000 552.652710 0.000000 0.860309 0.000000 0.509772 1.000000 1.000000 1.000000
587.344604 0.000000 527.461243 0.000000 0.943862 0.000000 -0.330339 1.000000 1.000000 1.000000
584.078918 0.000000 534.423096 0.000000 0.643590 0.000000 -0.765370 1.000000 1.000000 1.000000
585.670837 0.000000 530.854370 0.000000 0.024210 0.000000 -0.999707 1.000000 1.000000 1.000000
622.035034 0.000000 515.579834 0.000000 0.731985 0.000000 0.681321 1.000000 1.000000 1.000000
622.237732 0.000000 519.402222 0.000000 0.807631 0.000000 -0.589688 1.000000 1.000000 1.000000
596.019043 0.000000 574.695251 0.000000 0.841287 0.000000 -0.540588 1.000000 1.000000 1.000000
601.038269 0.000000 573.923279 0.000000 0.398805 0.000000 -0.917036 1.000000 1.000000 1.000000
603.683960 0.000000 572.602539 0.000000 0.778605 0.000000 -0.627515 1.000000 1.000000 1.000000
602.851501 0.000000 574.760010 0.000000 0.478697 0.000000 -0.877980 1.000000 1.000000 1.000000
601.283813 0.000000 575.714233 0.000000 0.862137 0.000000 0.506675 1.000000 1.000000 1.000000
599.632568 0.000000 576.430908 0.000000 0.151569 0.000000 0.988447 1.000000 1.000000 1.000000
654.027222 0.000000 515.579834 0.000000 0.649619 0.000000 0.760260 1.000000 1.000000 1.000000
654.229919 0.000000 519.402222 0.000000 0.374290 0.000000 0.927312 1.000000 1.000000 1.000000
708.108521 0.000000 536.677734 0.000000 0.999939 0.000000 -0.011005 1.000000 1.000000 1.000000
710.541321 0.000000 539.967041 0.000000 0.808871 0.000000 -0.587986 1.000000 1.000000 1.000000
710.819275 0.000000 536.573425 0.000000 0.982087 0.000000 0.188429 1.000000 1.000000 1.000000
708.108521 0.000000 568.662109 0.000000 0.281089 0.000000 -0.959682 1.000000 1.000000 1.000000
704.079163 0.000000 569.286194 0.000000 0.928761 0.000000 -0.370678 1.000000 1.000000 1.000000
749.303284 0.000000 564.631470 0.000000 0.634313 0.000000 0.773077 1.000000 1.000000 1.000000
745.631775 0.000000 562.838745 0.000000 0.940842 0.000000 0.338845 1.000000 1.000000 1.000000
746.851318 0.000000 566.039856 0.000000 0.981874 0.000000 0.189534 1.000000 1.000000 1.000000
743.503784 0.000000 564.058777 0.000000 0.698515 0.000000 -0.715595 1.000000 1.000000 1.000000
748.945068 0.000000 566.921021 0.000000 0.513793 0.000000 0.857914 1.000000 1.000000 1.000000
747.323303 0.000000 563.998474 0.000000 0.382140 0.000000 -0.924104 1.000000 1.000000 1.000000
761.666565 0.000000 626.115112 0.000000 0.016367 0.000000 0.999866 1.000000 1.000000 1.000000
786.485657 0.000000 528.310364 0.000000 0.086473 0.000000 -0.996254 1.000000 1.000000 1.000000
768.985352 0.000000 522.035522 0.000000 0.851293 0.000000 0.524690 1.000000 1.000000 1.000000
813.988159 0.000000 515.579834 0.000000 0.780569 0.000000 0.625070 1.000000 1.000000 1.000000
830.516479 0.000000 522.158081 0.000000 0.696612 0.000000 -0.717448 1.000000 1.000000 1.000000
779.646362 0.000000 568.935730 0.000000 0.998424 0.000000 0.056115 1.000000 1.000000 1.000000
774.525696 0.000000 571.951416 0.000000 0.471610 0.000000 0.881807 1.000000 1.000000 1.000000
782.064575 0.000000 575.211487 0.000000 0.996621 0.000000 -0.082134 1.000000 1.000000 1.000000
776.852112 0.000000 569.949890 0.000000 0.426080 0.000000 -0.904686 1.000000 1.000000 1.000000
775.999939 0.000000 574.795654 0.000000 0.468137 0.000000 0.883656 1.000000 1.000000 1.000000
780.663025 0.000000 571.623413 0.000000 0.653638 0.000000 -0.756807 1.000000 1.000000 1.000000
772.442749 0.000000 571.140808 0.000000 0.929833 0.000000 0.367982 1.000000 1.000000 1.000000
778.696472 0.000000 570.900635 0.000000 0.316913 0.000000 -0.948454 1.000000 1.000000 1.000000
776.499817 0.000000 572.385437 0.000000 0.172913 0.000000 0.984937 1.000000 1.000000 1.000000
774.066101 0.000000 570.172485 0.000000 0.996567 0.000000 -0.082796 1.000000 1.000000 1.000000
774.624451 0.000000 573.735107 0.000000 0.770861 0.000000 0.637003 1.000000 1.000000 1.000000
831.912720 0.000000 524.185181 0.000000 0.981125 0.000000 -0.193375 1.000000 1.000000 1.000000
848.921753 0.000000 574.301514 0.000000 0.977273 0.000000 -0.211983 1.000000 1.000000 1.000000
867.872437 0.000000 558.392090 0.000000 0.805654 0.000000 -0.592386 1.000000 1.000000 1.000000
871.891113 0.000000 557.023926 0.000000 0.286757 0.000000 0.958003 1.000000 1.000000 1.000000
868.191528 0.000000 553.894775 0.000000 0.701110 0.000000 0.713053 1.000000 1.000000 1.000000
866.469727 0.000000 555.893555 0.000000 0.884638 0.000000 0.466279 1.000000 1.000000 1.000000
869.374512 0.000000 556.265869 0.000000 0.960560 0.000000 -0.278074 1.000000 1.000000 1.000000
865.170654 0.000000 558.500977 0.000000 0.214858 0.000000 0.976645 1.000000 1.000000 1.000000
864.961914 0.000000 554.019897 0.000000 0.285324 0.000000 0.958431 1.000000 1.000000 1.000000
866.535339 0.000000 552.892090 0.000000 0.663896 0.000000 -0.747825 1.000000 1.000000 1.000000
867.790039 0.000000 556.791016 0.000000 0.879506 0.000000 0.475888 1.000000 1.000000 1.000000
866.489319 0.000000 557.825256 0.000000 0.963137 0.000000 0.269011 1.000000 1.000000 1.000000
866.755249 0.000000 554.325317 0.000000 0.999581 0.000000 0.028929 1.000000 1.000000 1.000000
849.544067 0.000000 575.998169 0.000000 0.564727 0.000000 0.825278 1.000000 1.000000 1.000000
839.898926 0.000000 589.008301 0.000000 0.406757 0.000000 -0.913536 1.000000 1.000000 1.000000
837.382324 0.000000 588.250244 0.000000 0.913007 0.000000 -0.407943 1.000000 1.000000 1.000000
936.307678 0.000000 552.439758 0.000000 0.996907 0.000000 -0.078595 1.000000 1.000000 1.000000
937.712097 0.000000 554.470032 0.000000 0.972044 0.000000 -0.234799 1.000000 1.000000 1.000000
965.451477 0.000000 530.648743 0.000000 0.610474 0.000000 -0.792036 1.000000 1.000000 1.000000
967.556396 0.000000 528.219604 0.000000 0.848204 0.000000 0.529669 1.000000 1.000000 1.000000
963.848755 0.000000 528.836731 0.000000 0.216809 0.000000 -0.976214 1.000000 1.000000 1.000000
1022.469604 0.000000 522.158081 0.000000 0.329931 0.000000 -0.944005 1.000000 1.000000 1.000000
1020.806458 0.000000 520.644348 0.000000 0.922330 0.000000 0.386404 1.000000 1.000000 1.000000
904.315491 0.000000 584.424133 0.000000 0.677767 0.000000 0.735276 1.000000 1.000000 1.000000
943.428528 0.000000 603.678711 0.000000 0.170018 0.000000 0.985441 1.000000 1.000000 1.000000
977.512817 0.000000 575.998169 0.000000 0.917163 0.000000 -0.398512 1.000000 1.000000 1.000000
974.517761 0.000000 576.578613 0.000000 0.978508 0.000000 -0.206209 1.000000 1.000000 1.000000
1130.208252 0.000000 413.328430 0.000000 0.585986 0.000000 -0.810321 1.000000 1.000000 1.000000
1135.381592 0.000000 411.772461 0.000000 0.332785 0.000000 -0.943003 1.000000 1.000000 1.000000
1133.978638 0.000000 415.289642 0.000000 0.437746 0.000000 -0.899099 1.000000 1.000000 1.000000
1132.577026 0.000000 411.701508 0.000000 0.663501 0.000000 -0.748176 1.000000 1.000000 1.000000
1130.514404 0.000000 415.972046 0.000000 0.901063 0.000000 0.433688 1.000000 1.000000 1.000000
1024.000977 0.000000 505.317444 0.000000 0.994720 0.000000 0.102622 1.000000 1.000000 1.000000
1054.381958 0.000000 497.836456 0.000000 0.741965 0.000000 0.670439 1.000000 1.000000 1.000000
1056.730591 0.000000 501.265564 0.000000 0.580697 0.000000 0.814120 1.000000 1.000000 1.000000
1061.427979 0.000000 498.664398 0.000000 0.968998 0.000000 -0.247069 1.000000 1.000000 1.000000
1056.099609 0.000000 496.843536 0.000000 0.627755 0.000000 0.778411 1.000000 1.000000 1.000000
1058.368652 0.000000 498.776428 0.000000 0.750988 0.000000 0.660316 1.000000 1.000000 1.000000
1057.950806 0.000000 496.269348 0.000000 0.093983 0.000000 0.995574 1.000000 1.000000 1.000000
1159.938354 0.000000 438.469940 0.000000 0.900404 0.000000 0.435055 1.000000 1.000000 1.000000
1154.345215 0.000000 434.807678 0.000000 0.054703 0.000000 0.998503 1.000000 1.000000 1.000000
1176.596191 0.000000 486.503448 0.000000 0.648711 0.000000 -0.761035 1.000000 1.000000 1.000000
1362.271484 0.000000 502.718445 0.000000 0.894742 0.000000 -0.446584 1.000000 1.000000 1.000000
1362.344971 0.000000 496.325989 0.000000 0.910182 0.000000 0.414208 1.000000 1.000000 1.000000
1366.614868 0.000000 501.410156 0.000000 0.147625 0.000000 -0.989043 1.000000 1.000000 1.000000
1363.592407 0.000000 499.479767 0.000000 0.786187 0.000000 0.617989 1.000000 1.000000 1.000000
1366.278198 0.000000 497.955261 0.000000 0.778405 0.000000 0.627762 1.000000 1.000000 1.000000
1099.219604 0.000000 559.445618 0.000000 0.971674 0.000000 -0.236327 1.000000 1.000000 1.000000
1181.350586 0.000000 557.026672 0.000000 0.046565 0.000000 0.998915 1.000000 1.000000 1.000000
1242.757080 0.000000 551.623596 0.000000 0.977351 0.000000 0.211626 1.000000 1.000000 1.000000
1197.193848 0.000000 596.615845 0.000000 0.502228 0.000000 -0.864735 1.000000 1.000000 1.000000
1200.542236 0.000000 596.147522 0.000000 0.222498 0.000000 0.974933 1.000000 1.000000 1.000000
1223.922729 0.000000 630.376221 0.000000 0.815016 0.000000 0.579438 1.000000 1.000000 1.000000
1084.944824 0.000000 678.433533 0.000000 0.362938 0.000000 -0.931813 1.000000 1.000000 1.000000
1180.921387 0.000000 678.433533 0.000000 0.548281 0.000000 0.836294 1.000000 1.000000 1.000000
1251.091431 0.000000 674.013367 0.000000 0.876984 0.000000 -0.480520 1.000000 1.000000 1.000000
1303.824707 0.000000 522.717834 0.000000 0.917163 0.000000 0.398511 1.000000 1.000000 1.000000
1338.733643 0.000000 551.623596 0.000000 0.989614 0.000000 -0.143752 1.000000 1.000000 1.000000
1357.855347 0.000000 515.579834 0.000000 0.591859 0.000000 0.806041 1.000000 1.000000 1.000000
1378.444946 0.000000 541.020813 0.000000 0.959247 0.000000 0.282569 1.000000 1.000000 1.000000
1380.844604 0.000000 542.591492 0.000000 0.755507 0.000000 -0.655141 1.000000 1.000000 1.000000
1378.454956 0.000000 543.709229 0.000000 0.629877 0.000000 -0.776695 1.000000 1.000000 1.000000
1369.895386 0.000000 588.265930 0.000000 0.708582 0.000000 -0.705628 1.000000 1.000000 1.000000
1379.747437 0.000000 622.360840 0.000000 0.246810 0.000000 0.969064 1.000000 1.000000 1.000000
1414.369507 0.000000 539.967041 0.000000 0.390604 0.000000 0.920559 1.000000 1.000000 1.000000
1427.815918 0.000000 574.695251 0.000000 0.999978 0.000000 0.006701 1.000000 1.000000 1.000000
1426.647339 0.000000 572.437805 0.000000 0.910929 0.000000 0.412563 1.000000 1.000000 1.000000
1450.130127 0.000000 573.250305 0.000000 0.573464 0.000000 -0.819231 1.000000 1.000000 1.000000
1425.403442 0.000000 575.998169 0.000000 0.492162 0.000000 0.870504 1.000000 1.000000 1.000000
1450.436279 0.000000 575.893921 0.000000 0.312190 0.000000 -0.950020 1.000000 1.000000 1.000000
1374.303833 0.000000 689.742676 0.000000 0.111937 0.000000 -0.993715 1.000000 1.000000 1.000000
1180.036255 0.000000 985.701721 0.000000 0.945634 0.000000 -0.325233 1.000000 1.000000 1.000000
1181.991333 0.000000 989.884216 0.000000 0.235680 0.000000 0.971831 1.000000 1.000000 1.000000
1181.307983 0.000000 987.304993 0.000000 0.489044 0.000000 0.872259 1.000000 1.000000 1.000000
1183.961914 0.000000 985.083069 0.000000 0.140480 0.000000 -0.990084 1.000000 1.000000 1.000000
1193.522339 0.000000 978.635620 0.000000 0.134780 0.000000 -0.990876 1.000000 1.000000 1.000000
1193.484009 0.000000 976.589844 0.000000 0.922659 0.000000 0.385618 1.000000 1.000000 1.000000
1203.870605 0.000000 1022.476501 0.000000 0.707297 0.000000 0.706916 1.000000 1.000000 1.000000
66.765259 0.000000 1052.770874 0.000000 0.096924 0.000000 0.995292 1.000000 1.000000 1.000000
64.035965 0.000000 1054.028442 0.000000 0.894770 0.000000 -0.446528 1.000000 1.000000 1.000000
98.757446 0.000000 1116.739624 0.000000 0.811585 0.000000 0.584234 1.000000 1.000000 1.000000
98.767487 0.000000 1119.427979 0.000000 0.920206 0.000000 -0.391435 1.000000 1.000000 1.000000
101.668892 0.000000 1119.844727 0.000000 0.977674 0.000000 0.210129 1.000000 1.000000 1.000000
141.451706 0.000000 1076.381470 0.000000 0.341395 0.000000 0.939920 1.000000 1.000000 1.000000
190.964981 0.000000 1060.617432 0.000000 0.252104 0.000000 0.967700 1.000000 1.000000 1.000000
210.626251 0.000000 1072.044800 0.000000 0.199244 0.000000 0.979950 1.000000 1.000000 1.000000
152.105957 0.000000 1130.421021 0.000000 0.593233 0.000000 0.805031 1.000000 1.000000 1.000000
210.552704 0.000000 1110.421509 0.000000 0.245688 0.000000 -0.969349 1.000000 1.000000 1.000000
211.426132 0.000000 1113.656372 0.000000 0.999894 0.000000 -0.014551 1.000000 1.000000 1.000000
200.172684 0.000000 1142.126221 0.000000 0.772046 0.000000 -0.635566 1.000000 1.000000 1.000000
196.081451 0.000000 1141.193604 0.000000 0.973238 0.000000 0.229798 1.000000 1.000000 1.000000
201.838760 0.000000 1143.615845 0.000000 0.950347 0.000000 0.311193 1.000000 1.000000 1.000000
96.728111 0.000000 1191.346802 0.000000 0.335638 0.000000 -0.941991 1.000000 1.000000 1.000000
119.043762 0.000000 1198.560547 0.000000 0.905891 0.000000 0.423510 1.000000 1.000000 1.000000
97.137665 0.000000 1188.150146 0.000000 0.798124 0.000000 -0.602494 1.000000 1.000000 1.000000
153.815018 0.000000 1265.802612 0.000000 0.998676 0.000000 0.051436 1.000000 1.000000 1.000000
258.718384 0.000000 1084.755249 0.000000 0.158504 0.000000 0.987358 1.000000 1.000000 1.000000
258.728424 0.000000 1087.443604 0.000000 0.338777 0.000000 0.940867 1.000000 1.000000 1.000000
363.747955 0.000000 1048.701416 0.000000 0.793474 0.000000 0.608604 1.000000 1.000000 1.000000
346.174133 0.000000 1080.750732 0.000000 0.958657 0.000000 0.284566 1.000000 1.000000 1.000000
274.537079 0.000000 1110.421509 0.000000 0.997989 0.000000 -0.063387 1.000000 1.000000 1.000000
264.157043 0.000000 1142.126221 0.000000 0.048688 0.000000 0.998814 1.000000 1.000000 1.000000
350.147705 0.000000 1141.352051 0.000000 0.433301 0.000000 0.901249 1.000000 1.000000 1.000000
350.553802 0.000000 1137.523926 0.000000 0.992923 0.000000 0.118756 1.000000 1.000000 1.000000
348.266296 0.000000 1139.245850 0.000000 0.946838 0.000000 -0.321712 1.000000 1.000000 1.000000
351.931671 0.000000 1138.848389 0.000000 0.023649 0.000000 -0.999720 1.000000 1.000000 1.000000
473.069519 0.000000 1053.688843 0.000000 0.995396 0.000000 -0.095849 1.000000 1.000000 1.000000
475.414734 0.000000 1055.860596 0.000000 0.152106 0.000000 0.988364 1.000000 1.000000 1.000000
377.847198 0.000000 1236.253906 0.000000 0.566241 0.000000 -0.824239 1.000000 1.000000 1.000000
953.619690 0.000000 1073.896362 0.000000 0.678061 0.000000 -0.735005 1.000000 1.000000 1.000000
986.523010 0.000000 1070.591309 0.000000 0.102189 0.000000 0.994765 1.000000 1.000000 1.000000
988.914612 0.000000 1071.474121 0.000000 0.935254 0.000000 -0.353976 1.000000 1.000000 1.000000
960.753967 0.000000 1172.937500 0.000000 0.168915 0.000000 -0.985631 1.000000 1.000000 1.000000
965.451477 0.000000 1170.336304 0.000000 0.258218 0.000000 0.966087 1.000000 1.000000 1.000000
960.123108 0.000000 1168.515381 0.000000 0.455182 0.000000 0.890399 1.000000 1.000000 1.000000
962.392151 0.000000 1170.448242 0.000000 0.353530 0.000000 0.935423 1.000000 1.000000 1.000000
1097.545776 0.000000 1042.604370 0.000000 0.462309 0.000000 -0.886719 1.000000 1.000000 1.000000
1100.436157 0.000000 1041.860107 0.000000 0.274206 0.000000 0.961671 1.000000 1.000000 1.000000
1090.515259 0.000000 1116.739624 0.000000 0.988214 0.000000 0.153076 1.000000 1.000000 1.000000
1092.014771 0.000000 1112.396484 0.000000 0.529935 0.000000 0.848038 1.000000 1.000000 1.000000
1094.447632 0.000000 1115.685791 0.000000 0.032793 0.000000 -0.999462 1.000000 1.000000 1.000000
1102.120605 0.000000 1095.120972 0.000000 0.954706 0.000000 -0.297550 1.000000 1.000000 1.000000
1090.190308 0.000000 1114.172485 0.000000 0.875968 0.000000 -0.482369 1.000000 1.000000 1.000000
1094.725586 0.000000 1112.292114 0.000000 0.870174 0.000000 -0.492744 1.000000 1.000000 1.000000
1092.364624 0.000000 1114.875244 0.000000 0.898232 0.000000 -0.439523 1.000000 1.000000 1.000000
1103.272705 0.000000 1093.172119 0.000000 0.210687 0.000000 0.977554 1.000000 1.000000 1.000000
1195.196167 0.000000 1039.211304 0.000000 0.414472 0.000000 0.910062 1.000000 1.000000 1.000000
1199.177490 0.000000 1037.625244 0.000000 0.709197 0.000000 -0.705011 1.000000 1.000000 1.000000
1199.066650 0.000000 1041.399292 0.000000 0.971431 0.000000 -0.237323 1.000000 1.000000 1.000000
1196.412720 0.000000 1041.860107 0.000000 0.743130 0.000000 0.669147 1.000000 1.000000 1.000000
1155.999146 0.000000 1080.412109 0.000000 0.321810 0.000000 0.946804 1.000000 1.000000 1.000000
1158.432007 0.000000 1083.701416 0.000000 0.926650 0.000000 0.375926 1.000000 1.000000 1.000000
1158.709961 0.000000 1080.307739 0.000000 0.819476 0.000000 -0.573114 1.000000 1.000000 1.000000
1196.218872 0.000000 1066.646606 0.000000 0.909782 0.000000 -0.415087 1.000000 1.000000 1.000000
1196.803833 0.000000 1069.399658 0.000000 0.137521 0.000000 0.990499 1.000000 1.000000 1.000000
1197.495239 0.000000 1071.604736 0.000000 0.936645 0.000000 0.350281 1.000000 1.000000 1.000000
1259.529175 0.000000 1048.701416 0.000000 0.964441 0.000000 0.264298 1.000000 1.000000 1.000000
1256.734863 0.000000 1049.715454 0.000000 0.795163 0.000000 -0.606396 1.000000 1.000000 1.000000
1212.913574 0.000000 1126.214722 0.000000 0.978199 0.000000 0.207670 1.000000 1.000000 1.000000
1216.864258 0.000000 1124.181396 0.000000 0.308497 0.000000 -0.951225 1.000000 1.000000 1.000000
1378.444946 0.000000 1052.770874 0.000000 0.844291 0.000000 -0.535884 1.000000 1.000000 1.000000
1374.492432 0.000000 1055.887695 0.000000 0.862728 0.000000 -0.505668 1.000000 1.000000 1.000000
1381.356445 0.000000 1055.875977 0.000000 0.042041 0.000000 -0.999116 1.000000 1.000000 1.000000
1384.198242 0.000000 1064.189819 0.000000 0.987651 0.000000 0.156671 1.000000 1.000000 1.000000
1380.503418 0.000000 1060.604370 0.000000 0.999509 0.000000 -0.031338 1.000000 1.000000 1.000000
1379.060181 0.000000 1057.825928 0.000000 0.471829 0.000000 0.881690 1.000000 1.000000 1.000000
1381.594482 0.000000 1063.195435 0.000000 0.710030 0.000000 0.704171 1.000000 1.000000 1.000000
1383.035034 0.000000 1061.064087 0.000000 0.991640 0.000000 0.129034 1.000000 1.000000 1.000000
1348.511230 0.000000 1092.588745 0.000000 0.809249 0.000000 0.587466 1.000000 1.000000 1.000000
1349.602295 0.000000 1095.179810 0.000000 0.993919 0.000000 -0.110113 1.000000 1.000000 1.000000
1351.042847 0.000000 1093.048462 0.000000 0.717782 0.000000 0.696268 1.000000 1.000000 1.000000
1349.724976 0.000000 1090.269653 0.000000 0.384552 0.000000 -0.923103 1.000000 1.000000 1.000000
1416.190430 0.000000 1064.189819 0.000000 0.242385 0.000000 0.970180 1.000000 1.000000 1.000000
1442.329102 0.000000 1131.612305 0.000000 0.980781 0.000000 -0.195113 1.000000 1.000000 1.000000
1440.821289 0.000000 1129.738647 0.000000 0.505944 0.000000 -0.862566 1.000000 1.000000 1.000000
1531.950317 0.000000 1145.623657 0.000000 0.889283 0.000000 -0.457357 1.000000 1.000000 1.000000
1533.905396 0.000000 1149.806152 0.000000 0.761602 0.000000 -0.648045 1.000000 1.000000 1.000000
1534.713257 0.000000 1144.989746 0.000000 0.607057 0.000000 -0.794658 1.000000 1.000000 1.000000
1535.308960 0.000000 1147.481079 0.000000 0.428001 0.000000 0.903778 1.000000 1.000000 1.000000
1370.429199 0.000000 1166.544434 0.000000 0.972438 0.000000 -0.233162 1.000000 1.000000 1.000000
1394.263672 0.000000 1174.390259 0.000000 0.991260 0.000000 -0.131919 1.000000 1.000000 1.000000
1555.784668 0.000000 1118.429688 0.000000 0.237123 0.000000 -0.971480 1.000000 1.000000 1.000000
1552.749878 0.000000 1118.035889 0.000000 0.802942 0.000000 0.596058 1.000000 1.000000 1.000000
1553.372192 0.000000 1119.732544 0.000000 0.987094 0.000000 0.160145 1.000000 1.000000 1.000000
1535.875977 0.000000 1145.004883 0.000000 0.999675 0.000000 0.025491 1.000000 1.000000 1.000000
1639.821167 0.000000 1206.094971 0.000000 0.751830 0.000000 -0.659357 1.000000 1.000000 1.000000
1714.185547 0.000000 1238.359009 0.000000 0.224944 0.000000 0.974372 1.000000 1.000000 1.000000
1718.528931 0.000000 1237.050781 0.000000 0.053263 0.000000 0.998581 1.000000 1.000000 1.000000
2807.093506 0.000000 544.446533 0.000000 0.838439 0.000000 0.544995 1.000000 1.000000 1.000000
2804.036621 0.000000 544.768005 0.000000 0.099518 0.000000 0.995036 1.000000 1.000000 1.000000
2802.032959 0.000000 546.604126 0.000000 0.751785 0.000000 -0.659409 1.000000 1.000000 1.000000
2663.885742 0.000000 968.236633 0.000000 0.845083 0.000000 0.534636 1.000000 1.000000 1.000000
2663.453613 0.000000 972.820801 0.000000 0.052874 0.000000 0.998601 1.000000 1.000000 1.000000
2659.754150 0.000000 969.691650 0.000000 0.262571 0.000000 0.964913 1.000000 1.000000 1.000000
2660.937012 0.000000 972.062744 0.000000 0.988447 0.000000 0.151568 1.000000 1.000000 1.000000
2643.519043 0.000000 1022.476501 0.000000 0.977971 0.000000 0.208739 1.000000 1.000000 1.000000
2640.484375 0.000000 1022.082764 0.000000 0.914543 0.000000 0.404488 1.000000 1.000000 1.000000
3303.414795 0.000000 566.407471 0.000000 0.920008 0.000000 0.391900 1.000000 1.000000 1.000000
3308.678223 0.000000 564.631470 0.000000 0.479675 0.000000 -0.877446 1.000000 1.000000 1.000000
3291.520508 0.000000 985.701721 0.000000 0.932156 0.000000 -0.362056 1.000000 1.000000 1.000000
3459.436768 0.000000 888.505859 0.000000 0.207216 0.000000 -0.978295 1.000000 1.000000 1.000000
2641.106689 0.000000 1023.779419 0.000000 0.851664 0.000000 0.524088 1.000000 1.000000 1.000000
2673.112305 0.000000 1029.069580 0.000000 0.437689 0.000000 0.899126 1.000000 1.000000 1.000000
2683.668945 0.000000 1145.623657 0.000000 0.889140 0.000000 0.457635 1.000000 1.000000 1.000000
2680.530518 0.000000 1149.641968 0.000000 0.955394 0.000000 -0.295335 1.000000 1.000000 1.000000
2680.937256 0.000000 1146.729126 0.000000 0.817143 0.000000 0.576435 1.000000 1.000000 1.000000
2679.470947 0.000000 1143.546387 0.000000 0.030413 0.000000 -0.999537 1.000000 1.000000 1.000000
2681.603760 0.000000 1144.719482 0.000000 0.877168 0.000000 -0.480183 1.000000 1.000000 1.000000
2805.791992 0.000000 1052.603760 0.000000 0.911695 0.000000 -0.410867 1.000000 1.000000 1.000000
2802.311279 0.000000 1052.203369 0.000000 0.875206 0.000000 0.483751 1.000000 1.000000 1.000000
2801.993408 0.000000 1072.044800 0.000000 0.994508 0.000000 -0.104663 1.000000 1.000000 1.000000
2803.283203 0.000000 1068.272095 0.000000 0.927684 0.000000 0.373365 1.000000 1.000000 1.000000
2803.240967 0.000000 1075.198486 0.000000 0.836977 0.000000 0.547238 1.000000 1.000000 1.000000
2805.926514 0.000000 1073.673950 0.000000 0.664666 0.000000 -0.747141 1.000000 1.000000 1.000000
2800.867188 0.000000 1068.284790 0.000000 0.985995 0.000000 0.166775 1.000000 1.000000 1.000000
2803.898438 0.000000 1070.557129 0.000000 0.215126 0.000000 0.976586 1.000000 1.000000 1.000000
2698.829102 0.000000 1103.180054 0.000000 0.405890 0.000000 0.913922 1.000000 1.000000 1.000000
2702.810303 0.000000 1101.593994 0.000000 0.492886 0.000000 0.870094 1.000000 1.000000 1.000000
2701.128174 0.000000 1103.589111 0.000000 0.610121 0.000000 0.792309 1.000000 1.000000 1.000000
2762.080078 0.000000 1132.580933 0.000000 0.607850 0.000000 -0.794052 1.000000 1.000000 1.000000
2606.833740 0.000000 1229.531494 0.000000 0.831590 0.000000 -0.555390 1.000000 1.000000 1.000000
2601.178711 0.000000 1266.494995 0.000000 0.947675 0.000000 0.319238 1.000000 1.000000 1.000000
2730.821289 0.000000 1167.148804 0.000000 0.715077 0.000000 -0.699046 1.000000 1.000000 1.000000
2730.087891 0.000000 1164.565308 0.000000 0.791054 0.000000 0.611746 1.000000 1.000000 1.000000
2708.113281 0.000000 1191.624634 0.000000 0.415581 0.000000 0.909556 1.000000 1.000000 1.000000
2727.555420 0.000000 1206.094971 0.000000 0.717249 0.000000 0.696817 1.000000 1.000000 1.000000
2791.539795 0.000000 1174.110596 0.000000 0.127938 0.000000 0.991782 1.000000 1.000000 1.000000
2790.033447 0.000000 1179.654541 0.000000 0.993672 0.000000 0.112321 1.000000 1.000000 1.000000
2792.359863 0.000000 1177.652954 0.000000 0.929345 0.000000 -0.369211 1.000000 1.000000 1.000000
2814.140869 0.000000 1247.793945 0.000000 0.745253 0.000000 -0.666782 1.000000 1.000000 1.000000
2855.492188 0.000000 1118.530029 0.000000 0.348830 0.000000 -0.937186 1.000000 1.000000 1.000000
2851.934814 0.000000 1114.875244 0.000000 0.173137 0.000000 0.984898 1.000000 1.000000 1.000000
2852.997070 0.000000 1119.844727 0.000000 0.431182 0.000000 -0.902265 1.000000 1.000000 1.000000
2961.880859 0.000000 1078.437134 0.000000 0.591375 0.000000 0.806397 1.000000 1.000000 1.000000
3025.938721 0.000000 1072.044800 0.000000 0.268972 0.000000 0.963148 1.000000 1.000000 1.000000
2970.964600 0.000000 1097.730103 0.000000 0.415000 0.000000 0.909821 1.000000 1.000000 1.000000
2973.993164 0.000000 1097.876831 0.000000 0.991336 0.000000 0.131350 1.000000 1.000000 1.000000
2968.806152 0.000000 1096.830078 0.000000 0.260962 0.000000 -0.965349 1.000000 1.000000 1.000000
2995.236328 0.000000 1132.240845 0.000000 0.226757 0.000000 0.973951 1.000000 1.000000 1.000000
3036.897461 0.000000 1100.760986 0.000000 0.140864 0.000000 -0.990029 1.000000 1.000000 1.000000
3034.948975 0.000000 1097.730103 0.000000 0.069850 0.000000 0.997558 1.000000 1.000000 1.000000
2821.004883 0.000000 1247.782227 0.000000 0.583140 0.000000 -0.812371 1.000000 1.000000 1.000000
2940.920898 0.000000 1228.698486 0.000000 0.205431 0.000000 -0.978671 1.000000 1.000000 1.000000
2973.507080 0.000000 1205.320801 0.000000 0.640294 0.000000 -0.768130 1.000000 1.000000 1.000000
2972.113281 0.000000 1207.263184 0.000000 0.593877 0.000000 -0.804556 1.000000 1.000000 1.000000
3053.644043 0.000000 1159.089722 0.000000 0.881508 0.000000 -0.472168 1.000000 1.000000 1.000000
3050.622070 0.000000 1158.594238 0.000000 0.160673 0.000000 0.987008 1.000000 1.000000 1.000000
3018.017578 0.000000 1260.518433 0.000000 0.496545 0.000000 -0.868011 1.000000 1.000000 1.000000
2877.936523 0.000000 1297.445801 0.000000 0.871243 0.000000 0.490851 1.000000 1.000000 1.000000
2879.654297 0.000000 1296.452881 0.000000 0.749525 0.000000 -0.661976 1.000000 1.000000 1.000000
3071.607422 0.000000 1072.562256 0.000000 0.914518 0.000000 -0.404545 1.000000 1.000000 1.000000
3086.905029 0.000000 1115.428711 0.000000 0.890218 0.000000 0.455535 1.000000 1.000000 1.000000
3153.378174 0.000000 1127.724854 0.000000 0.421630 0.000000 0.906768 1.000000 1.000000 1.000000
3071.607422 0.000000 1168.515381 0.000000 0.562365 0.000000 0.826889 1.000000 1.000000 1.000000
"}
