object={
	name="tree_orange_high_generator_2_0"
	render_pass=Map
	clamp_to_water_level=no
	generated_content=yes
	layer="tree_high_layer"
	pdxmesh="tree_orange_01_b_mesh"
	count=709
	transform="366.166138 0.000000 1278.867798 0.000000 0.045074 0.000000 0.998984 0.366481 0.366481 0.366481
386.362122 0.000000 1274.094360 0.000000 0.187754 0.000000 -0.982216 0.461411 0.461411 0.461411
477.719910 0.000000 1218.594604 0.000000 0.488845 0.000000 0.872371 0.368772 0.368772 0.368772
464.237732 0.000000 1218.426514 0.000000 0.753410 0.000000 -0.657552 0.437978 0.437978 0.437978
491.716705 0.000000 1240.607666 0.000000 0.463424 0.000000 0.886137 0.383145 0.383145 0.383145
495.230011 0.000000 1239.733521 0.000000 0.820692 0.000000 -0.571371 0.418827 0.418827 0.418827
511.558960 0.000000 1243.434204 0.000000 0.778741 0.000000 -0.627346 0.432844 0.432844 0.432844
486.873962 0.000000 1240.229614 0.000000 0.988502 0.000000 -0.151208 0.406366 0.406366 0.406366
452.293091 0.000000 1257.551025 0.000000 0.830090 0.000000 -0.557629 0.413586 0.413586 0.413586
448.141663 0.000000 1272.942383 0.000000 0.580571 0.000000 0.814209 0.382899 0.382899 0.382899
451.286743 0.000000 1249.732178 0.000000 0.286055 0.000000 0.958213 0.349483 0.349483 0.349483
475.715210 0.000000 1276.258789 0.000000 0.083972 0.000000 -0.996468 0.465326 0.465326 0.465326
451.304840 0.000000 1254.839233 0.000000 0.224615 0.000000 0.974447 0.345633 0.345633 0.345633
465.437408 0.000000 1260.191040 0.000000 0.988067 0.000000 0.154022 0.391121 0.391121 0.391121
484.163239 0.000000 1272.318359 0.000000 0.309539 0.000000 0.950887 0.381185 0.381185 0.381185
482.563477 0.000000 1259.549805 0.000000 0.080546 0.000000 0.996751 0.340476 0.340476 0.340476
302.315887 0.000000 1319.011597 0.000000 0.259118 0.000000 0.965846 0.371249 0.371249 0.371249
298.681519 0.000000 1324.487183 0.000000 0.940076 0.000000 0.340965 0.384538 0.384538 0.384538
342.393677 0.000000 1308.478760 0.000000 0.955407 0.000000 -0.295292 0.413321 0.413321 0.413321
322.712799 0.000000 1311.334229 0.000000 0.270570 0.000000 -0.962700 0.455038 0.455038 0.455038
356.194489 0.000000 1304.302734 0.000000 0.164335 0.000000 0.986405 0.380347 0.380347 0.380347
352.165100 0.000000 1304.926758 0.000000 0.359300 0.000000 0.933222 0.379573 0.379573 0.379573
361.725525 0.000000 1298.479370 0.000000 0.952187 0.000000 -0.305515 0.406046 0.406046 0.406046
356.042389 0.000000 1301.115479 0.000000 0.272048 0.000000 -0.962284 0.441392 0.441392 0.441392
354.369934 0.000000 1306.078735 0.000000 0.489077 0.000000 -0.872241 0.447094 0.447094 0.447094
345.100769 0.000000 1341.548218 0.000000 0.537889 0.000000 -0.843016 0.415022 0.415022 0.415022
339.394897 0.000000 1337.546997 0.000000 0.841684 0.000000 -0.539971 0.416519 0.416519 0.416519
342.393677 0.000000 1340.463135 0.000000 0.916849 0.000000 0.399234 0.384416 0.384416 0.384416
328.109283 0.000000 1342.420654 0.000000 0.707684 0.000000 0.706529 0.371402 0.371402 0.371402
305.690338 0.000000 1348.913330 0.000000 0.723484 0.000000 -0.690341 0.417881 0.417881 0.417881
337.669098 0.000000 1343.623169 0.000000 0.994012 0.000000 -0.109273 0.401148 0.401148 0.401148
331.286163 0.000000 1350.500488 0.000000 0.729950 0.000000 -0.683500 0.419915 0.419915 0.419915
340.638092 0.000000 1344.377319 0.000000 0.396151 0.000000 -0.918185 0.441827 0.441827 0.441827
350.742493 0.000000 1343.747070 0.000000 0.571816 0.000000 -0.820382 0.442753 0.442753 0.442753
338.634552 0.000000 1346.213501 0.000000 0.788793 0.000000 0.614659 0.374881 0.374881 0.374881
362.701843 0.000000 1343.518921 0.000000 0.904273 0.000000 -0.426955 0.406387 0.406387 0.406387
361.734253 0.000000 1347.852905 0.000000 0.100569 0.000000 0.994930 0.374310 0.374310 0.374310
360.016113 0.000000 1356.633301 0.000000 0.297968 0.000000 -0.954576 0.422797 0.422797 0.422797
357.844452 0.000000 1351.054810 0.000000 0.896615 0.000000 -0.442812 0.420385 0.420385 0.420385
362.665894 0.000000 1356.471558 0.000000 0.453937 0.000000 -0.891034 0.448865 0.448865 0.448865
403.869049 0.000000 1292.162720 0.000000 0.987092 0.000000 -0.160155 0.403132 0.403132 0.403132
389.836639 0.000000 1287.086060 0.000000 0.983459 0.000000 0.181132 0.393725 0.393725 0.393725
390.706635 0.000000 1289.763062 0.000000 0.485505 0.000000 0.874234 0.352724 0.352724 0.352724
389.959351 0.000000 1282.175903 0.000000 0.872922 0.000000 0.487860 0.377353 0.377353 0.377353
445.727722 0.000000 1282.563354 0.000000 0.045305 0.000000 -0.998973 0.435799 0.435799 0.435799
442.655823 0.000000 1294.481934 0.000000 0.514017 0.000000 0.857780 0.375292 0.375292 0.375292
445.047394 0.000000 1295.364746 0.000000 0.835330 0.000000 -0.549748 0.422960 0.422960 0.422960
434.889465 0.000000 1308.078369 0.000000 0.986107 0.000000 0.166113 0.392584 0.392584 0.392584
446.902496 0.000000 1284.508057 0.000000 0.896750 0.000000 -0.442538 0.426323 0.426323 0.426323
414.538177 0.000000 1329.430176 0.000000 0.902612 0.000000 -0.430455 0.411554 0.411554 0.411554
411.589600 0.000000 1321.620728 0.000000 0.354851 0.000000 -0.934923 0.431969 0.431969 0.431969
406.512543 0.000000 1329.548950 0.000000 0.965685 0.000000 -0.259716 0.407215 0.407215 0.407215
410.129791 0.000000 1323.906494 0.000000 0.830779 0.000000 -0.556603 0.422105 0.422105 0.422105
389.491699 0.000000 1323.890869 0.000000 0.396604 0.000000 -0.917990 0.448778 0.448778 0.448778
413.055206 0.000000 1327.349121 0.000000 0.925084 0.000000 -0.379763 0.414782 0.414782 0.414782
402.897278 0.000000 1340.062744 0.000000 0.967949 0.000000 -0.251145 0.411281 0.411281 0.411281
437.389648 0.000000 1315.330200 0.000000 0.716554 0.000000 -0.697532 0.406167 0.406167 0.406167
416.255920 0.000000 1328.437256 0.000000 0.625031 0.000000 -0.780600 0.415205 0.415205 0.415205
440.775818 0.000000 1318.097168 0.000000 0.463232 0.000000 -0.886237 0.418490 0.418490 0.418490
446.530365 0.000000 1329.430176 0.000000 0.074649 0.000000 0.997210 0.360409 0.360409 0.360409
445.727722 0.000000 1314.547729 0.000000 0.980454 0.000000 0.196748 0.395748 0.395748 0.395748
424.195892 0.000000 1313.234619 0.000000 0.981478 0.000000 0.191573 0.393648 0.393648 0.393648
446.719055 0.000000 1311.762695 0.000000 0.375603 0.000000 -0.926781 0.437892 0.437892 0.437892
427.639587 0.000000 1314.008545 0.000000 0.560107 0.000000 -0.828420 0.437047 0.437047 0.437047
445.047394 0.000000 1327.349121 0.000000 0.275599 0.000000 -0.961273 0.452882 0.452882 0.452882
418.027374 0.000000 1335.033813 0.000000 0.884204 0.000000 -0.467101 0.421112 0.421112 0.421112
438.213715 0.000000 1317.685669 0.000000 0.167212 0.000000 0.985921 0.319451 0.319451 0.319451
421.927155 0.000000 1334.180420 0.000000 0.866296 0.000000 0.499530 0.369966 0.369966 0.369966
462.142700 0.000000 1310.852173 0.000000 0.860845 0.000000 0.508867 0.384539 0.384539 0.384539
449.051727 0.000000 1284.103271 0.000000 0.998079 0.000000 0.061951 0.397926 0.397926 0.397926
468.468781 0.000000 1294.447754 0.000000 0.927094 0.000000 -0.374828 0.422062 0.422062 0.422062
506.217316 0.000000 1302.528564 0.000000 0.999918 0.000000 -0.012839 0.400256 0.400256 0.400256
494.634918 0.000000 1280.234863 0.000000 0.221447 0.000000 -0.975172 0.436332 0.436332 0.436332
483.278931 0.000000 1281.716553 0.000000 0.243086 0.000000 -0.970005 0.438379 0.438379 0.438379
497.429596 0.000000 1292.175415 0.000000 0.998082 0.000000 0.061902 0.396969 0.396969 0.396969
496.423584 0.000000 1295.499878 0.000000 0.706855 0.000000 0.707359 0.354881 0.354881 0.354881
494.695526 0.000000 1289.078491 0.000000 0.817431 0.000000 0.576027 0.364752 0.364752 0.364752
465.015503 0.000000 1341.926514 0.000000 0.018181 0.000000 0.999835 0.331004 0.331004 0.331004
454.881775 0.000000 1336.182739 0.000000 0.066539 0.000000 -0.997784 0.519419 0.519419 0.519419
499.803375 0.000000 1331.073486 0.000000 0.021838 0.000000 -0.999762 0.444858 0.444858 0.444858
484.011139 0.000000 1333.099854 0.000000 0.959768 0.000000 0.280795 0.391473 0.391473 0.391473
496.714050 0.000000 1331.788086 0.000000 0.306039 0.000000 -0.952019 0.442144 0.442144 0.442144
487.566284 0.000000 1331.683838 0.000000 0.048182 0.000000 0.998839 0.327016 0.327016 0.327016
401.653473 0.000000 1343.623169 0.000000 0.933749 0.000000 -0.357928 0.404569 0.404569 0.404569
384.022125 0.000000 1355.778931 0.000000 0.758679 0.000000 0.651465 0.391143 0.391143 0.391143
402.618927 0.000000 1346.213501 0.000000 0.691273 0.000000 0.722593 0.364114 0.364114 0.364114
385.287842 0.000000 1358.110352 0.000000 0.914392 0.000000 -0.404829 0.418105 0.418105 0.418105
447.942230 0.000000 1373.872192 0.000000 0.025400 0.000000 -0.999677 0.443983 0.443983 0.443983
476.235046 0.000000 1363.136475 0.000000 0.380875 0.000000 0.924627 0.361112 0.361112 0.361112
455.261566 0.000000 1348.923462 0.000000 0.923642 0.000000 0.383256 0.382521 0.382521 0.382521
453.943726 0.000000 1346.144653 0.000000 0.942000 0.000000 -0.335614 0.415380 0.415380 0.415380
476.722656 0.000000 1367.185059 0.000000 0.808249 0.000000 0.588841 0.354730 0.354730 0.354730
460.533539 0.000000 1352.316528 0.000000 0.700056 0.000000 -0.714088 0.445668 0.445668 0.445668
509.514709 0.000000 1356.635986 0.000000 0.991497 0.000000 0.130126 0.398632 0.398632 0.398632
465.637848 0.000000 1375.607544 0.000000 0.897237 0.000000 0.441549 0.394748 0.394748 0.394748
468.606842 0.000000 1376.361694 0.000000 0.045354 0.000000 -0.998971 0.456363 0.456363 0.456363
453.943726 0.000000 1378.129028 0.000000 0.956471 0.000000 -0.291828 0.413751 0.413751 0.413751
501.374023 0.000000 1379.298950 0.000000 0.553501 0.000000 -0.832849 0.407863 0.407863 0.407863
502.950012 0.000000 1390.466797 0.000000 0.930093 0.000000 -0.367325 0.408263 0.408263 0.408263
491.247101 0.000000 1382.484863 0.000000 0.675906 0.000000 -0.736988 0.428547 0.428547 0.428547
483.278931 0.000000 1377.669678 0.000000 0.710457 0.000000 0.703741 0.374664 0.374664 0.374664
492.584656 0.000000 1393.688232 0.000000 0.865351 0.000000 -0.501166 0.419920 0.419920 0.419920
503.167572 0.000000 1383.990112 0.000000 0.721692 0.000000 0.692215 0.368315 0.368315 0.368315
502.198090 0.000000 1381.654419 0.000000 0.366271 0.000000 -0.930508 0.457916 0.457916 0.457916
504.002289 0.000000 1399.421387 0.000000 0.691979 0.000000 0.721918 0.358922 0.358922 0.358922
506.936707 0.000000 1383.217285 0.000000 0.919016 0.000000 -0.394220 0.423268 0.423268 0.423268
499.999084 0.000000 1381.342773 0.000000 0.637534 0.000000 0.770423 0.352133 0.352133 0.352133
504.831421 0.000000 1391.666260 0.000000 0.182060 0.000000 -0.983287 0.479683 0.479683 0.479683
494.214966 0.000000 1401.526367 0.000000 0.993968 0.000000 0.109668 0.393855 0.393855 0.393855
420.300903 0.000000 1449.457275 0.000000 0.826669 0.000000 0.562688 0.386572 0.386572 0.386572
418.027374 0.000000 1462.971313 0.000000 0.403757 0.000000 -0.914866 0.468638 0.468638 0.468638
422.889587 0.000000 1464.120239 0.000000 0.972714 0.000000 0.232008 0.387958 0.387958 0.387958
499.845612 0.000000 1420.100220 0.000000 0.987728 0.000000 -0.156183 0.403837 0.403837 0.403837
496.714050 0.000000 1427.741211 0.000000 0.830136 0.000000 0.557561 0.376080 0.376080 0.376080
507.707397 0.000000 1436.180664 0.000000 0.957063 0.000000 0.289879 0.386490 0.386490 0.386490
504.002289 0.000000 1431.405762 0.000000 0.618718 0.000000 -0.785613 0.442866 0.442866 0.442866
500.460968 0.000000 1422.385254 0.000000 0.974633 0.000000 -0.223810 0.412510 0.412510 0.412510
510.886871 0.000000 1412.445557 0.000000 0.930026 0.000000 0.367494 0.378392 0.378392 0.378392
514.501526 0.000000 1234.416992 0.000000 0.753337 0.000000 -0.657634 0.421501 0.421501 0.421501
514.330872 0.000000 1242.109985 0.000000 0.086752 0.000000 -0.996230 0.485208 0.485208 0.485208
515.958130 0.000000 1232.493042 0.000000 0.481572 0.000000 -0.876407 0.454411 0.454411 0.454411
512.525513 0.000000 1243.672241 0.000000 0.594643 0.000000 -0.803990 0.452697 0.452697 0.452697
516.505249 0.000000 1242.812744 0.000000 0.215950 0.000000 0.976404 0.322978 0.322978 0.322978
534.942200 0.000000 1262.529297 0.000000 0.831991 0.000000 -0.554789 0.410278 0.410278 0.410278
531.795532 0.000000 1267.104736 0.000000 0.386345 0.000000 0.922354 0.369515 0.369515 0.369515
533.477295 0.000000 1258.276611 0.000000 0.982753 0.000000 0.184925 0.391549 0.391549 0.391549
529.421753 0.000000 1260.191040 0.000000 0.092722 0.000000 0.995692 0.332109 0.332109 0.332109
531.117249 0.000000 1257.723755 0.000000 0.841777 0.000000 -0.539826 0.432743 0.432743 0.432743
536.823608 0.000000 1263.728760 0.000000 0.707881 0.000000 -0.706332 0.445035 0.445035 0.445035
562.540344 0.000000 1263.951050 0.000000 0.965910 0.000000 -0.258878 0.401961 0.401961 0.401961
544.224670 0.000000 1264.468506 0.000000 0.606976 0.000000 0.794720 0.383948 0.383948 0.383948
545.028320 0.000000 1252.118896 0.000000 0.786086 0.000000 -0.618117 0.417966 0.417966 0.417966
547.281372 0.000000 1254.839233 0.000000 0.096691 0.000000 -0.995314 0.460349 0.460349 0.460349
567.986633 0.000000 1271.483887 0.000000 0.599912 0.000000 -0.800066 0.453252 0.453252 0.453252
559.228210 0.000000 1269.481812 0.000000 0.545881 0.000000 -0.837863 0.452079 0.452079 0.452079
575.658447 0.000000 1270.809692 0.000000 0.168777 0.000000 -0.985654 0.480458 0.480458 0.480458
561.871399 0.000000 1265.955811 0.000000 0.837188 0.000000 0.546915 0.365616 0.365616 0.365616
577.988342 0.000000 1271.065063 0.000000 0.849043 0.000000 0.528324 0.370262 0.370262 0.370262
617.039795 0.000000 1254.041626 0.000000 0.913253 0.000000 0.407394 0.375906 0.375906 0.375906
677.016479 0.000000 1246.247803 0.000000 0.034359 0.000000 -0.999410 0.456769 0.456769 0.456769
684.686462 0.000000 1243.295288 0.000000 0.879811 0.000000 -0.475325 0.421765 0.421765 0.421765
693.138916 0.000000 1239.317505 0.000000 0.668132 0.000000 -0.744043 0.431423 0.431423 0.431423
692.514221 0.000000 1237.162354 0.000000 0.764203 0.000000 -0.644976 0.440251 0.440251 0.440251
642.524414 0.000000 1259.549805 0.000000 0.316671 0.000000 0.948535 0.336410 0.336410 0.336410
689.596558 0.000000 1252.960205 0.000000 0.897512 0.000000 -0.440989 0.410946 0.410946 0.410946
689.382690 0.000000 1260.191040 0.000000 0.245074 0.000000 -0.969504 0.475979 0.475979 0.475979
697.769104 0.000000 1268.238281 0.000000 0.750106 0.000000 0.661318 0.363921 0.363921 0.363921
687.374268 0.000000 1253.093994 0.000000 0.998835 0.000000 -0.048247 0.402771 0.402771 0.402771
755.783142 0.000000 1228.193970 0.000000 0.775988 0.000000 0.630748 0.381938 0.381938 0.381938
741.405762 0.000000 1227.937744 0.000000 0.629865 0.000000 -0.776705 0.446186 0.446186 0.446186
748.463196 0.000000 1224.379028 0.000000 0.991637 0.000000 -0.129058 0.407431 0.407431 0.407431
733.657410 0.000000 1250.578979 0.000000 0.858365 0.000000 -0.513039 0.414525 0.414525 0.414525
711.199097 0.000000 1252.970337 0.000000 0.992173 0.000000 -0.124872 0.404626 0.404626 0.404626
709.413574 0.000000 1259.922119 0.000000 0.981166 0.000000 0.193167 0.391070 0.391070 0.391070
710.628479 0.000000 1257.778687 0.000000 0.077006 0.000000 0.997031 0.314230 0.314230 0.314230
709.881226 0.000000 1250.191528 0.000000 0.549093 0.000000 0.835761 0.343181 0.343181 0.343181
730.882019 0.000000 1255.279785 0.000000 0.978628 0.000000 0.205640 0.389348 0.389348 0.389348
703.845764 0.000000 1266.785889 0.000000 0.642688 0.000000 0.766128 0.357292 0.357292 0.357292
734.832153 0.000000 1252.523682 0.000000 0.079711 0.000000 -0.996818 0.485614 0.485614 0.485614
719.366455 0.000000 1253.093994 0.000000 0.705299 0.000000 -0.708910 0.445245 0.445245 0.445245
716.471008 0.000000 1256.363403 0.000000 0.809169 0.000000 -0.587577 0.436064 0.436064 0.436064
731.173706 0.000000 1253.021606 0.000000 0.999930 0.000000 0.011805 0.399346 0.399346 0.399346
766.900818 0.000000 1272.927246 0.000000 0.468258 0.000000 -0.883592 0.446525 0.446525 0.446525
738.500977 0.000000 1259.549805 0.000000 0.888932 0.000000 -0.458039 0.423519 0.423519 0.423519
742.620667 0.000000 1257.778687 0.000000 0.998802 0.000000 0.048931 0.397311 0.397311 0.397311
736.470825 0.000000 1275.656616 0.000000 0.301082 0.000000 0.953598 0.327365 0.327365 0.327365
766.707825 0.000000 1255.622314 0.000000 0.827277 0.000000 0.561794 0.365746 0.365746 0.365746
772.993042 0.000000 1246.247803 0.000000 0.842194 0.000000 -0.539175 0.421041 0.421041 0.421041
775.999939 0.000000 1246.467529 0.000000 0.990310 0.000000 -0.138872 0.412939 0.412939 0.412939
778.600281 0.000000 1247.565796 0.000000 0.578175 0.000000 -0.815913 0.413342 0.413342 0.413342
772.214966 0.000000 1257.551025 0.000000 0.334965 0.000000 0.942231 0.373608 0.373608 0.373608
771.226685 0.000000 1254.839233 0.000000 0.404064 0.000000 0.914730 0.346951 0.346951 0.346951
567.640381 0.000000 1280.087158 0.000000 0.721366 0.000000 -0.692554 0.415279 0.415279 0.415279
547.995483 0.000000 1301.115479 0.000000 0.693226 0.000000 -0.720721 0.419691 0.419691 0.419691
546.493713 0.000000 1298.385742 0.000000 0.146369 0.000000 0.989230 0.344545 0.344545 0.344545
554.898193 0.000000 1301.680420 0.000000 0.032950 0.000000 -0.999457 0.459125 0.459125 0.459125
520.062439 0.000000 1342.420654 0.000000 0.365878 0.000000 -0.930663 0.444199 0.444199 0.444199
514.665894 0.000000 1343.318604 0.000000 0.997559 0.000000 0.069831 0.397383 0.397383 0.397383
541.023987 0.000000 1327.349121 0.000000 0.686857 0.000000 -0.726792 0.445095 0.445095 0.445095
534.190308 0.000000 1317.685669 0.000000 0.083992 0.000000 -0.996466 0.467552 0.467552 0.467552
517.928101 0.000000 1314.160278 0.000000 0.815604 0.000000 -0.578611 0.435430 0.435430 0.435430
536.823608 0.000000 1327.697510 0.000000 0.426044 0.000000 0.904703 0.337334 0.337334 0.337334
542.879700 0.000000 1326.305542 0.000000 0.166763 0.000000 0.985997 0.319424 0.319424 0.319424
543.918762 0.000000 1341.887817 0.000000 0.999581 0.000000 0.028951 0.398988 0.398988 0.398988
575.543335 0.000000 1339.387329 0.000000 0.945716 0.000000 -0.324993 0.415701 0.415701 0.415701
593.619995 0.000000 1284.944580 0.000000 0.802848 0.000000 0.596183 0.386286 0.386286 0.386286
598.677490 0.000000 1337.580444 0.000000 0.764536 0.000000 -0.644580 0.408394 0.408394 0.408394
596.575623 0.000000 1312.392944 0.000000 0.996162 0.000000 0.087532 0.397374 0.397374 0.397374
598.331177 0.000000 1340.463135 0.000000 0.425838 0.000000 -0.904800 0.438962 0.438962 0.438962
606.679993 0.000000 1311.762695 0.000000 0.884756 0.000000 -0.466055 0.417430 0.417430 0.417430
588.709900 0.000000 1339.248413 0.000000 0.740213 0.000000 0.672373 0.375331 0.375331 0.375331
581.912476 0.000000 1314.160278 0.000000 0.844042 0.000000 0.536278 0.368629 0.368629 0.368629
585.744995 0.000000 1335.522095 0.000000 0.111786 0.000000 -0.993732 0.483764 0.483764 0.483764
590.191528 0.000000 1337.557617 0.000000 0.851650 0.000000 -0.524111 0.431677 0.431677 0.431677
635.534912 0.000000 1321.620728 0.000000 0.999682 0.000000 -0.025203 0.400730 0.400730 0.400730
619.592712 0.000000 1314.008545 0.000000 0.709220 0.000000 0.704987 0.367575 0.367575 0.367575
634.075134 0.000000 1323.906494 0.000000 0.931201 0.000000 -0.364506 0.413227 0.413227 0.413227
610.532227 0.000000 1323.518555 0.000000 0.621338 0.000000 0.783543 0.363137 0.363137 0.363137
613.437012 0.000000 1323.890869 0.000000 0.937287 0.000000 0.348559 0.380978 0.380978 0.380978
617.790222 0.000000 1322.094971 0.000000 0.971591 0.000000 0.236665 0.387831 0.387831 0.387831
613.904663 0.000000 1314.160278 0.000000 0.932412 0.000000 -0.361397 0.419755 0.419755 0.419755
542.100830 0.000000 1365.242676 0.000000 0.850518 0.000000 0.525946 0.390874 0.390874 0.390874
516.003296 0.000000 1365.084229 0.000000 0.568171 0.000000 0.822910 0.374905 0.374905 0.374905
538.098572 0.000000 1355.890869 0.000000 0.879481 0.000000 0.475934 0.377462 0.377462 0.377462
514.003967 0.000000 1367.018188 0.000000 0.989221 0.000000 0.146433 0.392369 0.392369 0.392369
540.707031 0.000000 1367.185059 0.000000 0.530198 0.000000 -0.847874 0.452549 0.452549 0.452549
538.928894 0.000000 1351.232910 0.000000 0.513162 0.000000 -0.858292 0.457708 0.457708 0.457708
544.055969 0.000000 1344.988159 0.000000 0.609051 0.000000 0.793131 0.391311 0.391311 0.391311
566.685303 0.000000 1369.564819 0.000000 1.000000 0.000000 -0.000812 0.400009 0.400009 0.400009
549.047729 0.000000 1374.185303 0.000000 0.814622 0.000000 0.579992 0.381773 0.381773 0.381773
556.569031 0.000000 1361.703857 0.000000 0.882093 0.000000 0.471075 0.381876 0.381876 0.381876
566.182495 0.000000 1349.670044 0.000000 0.092164 0.000000 -0.995744 0.484896 0.484896 0.484896
536.752380 0.000000 1382.065918 0.000000 0.900109 0.000000 0.435666 0.392572 0.392572 0.392572
515.271118 0.000000 1377.669678 0.000000 0.036843 0.000000 0.999321 0.357875 0.357875 0.357875
542.955505 0.000000 1400.864746 0.000000 0.580661 0.000000 -0.814146 0.436098 0.436098 0.436098
539.699585 0.000000 1404.196289 0.000000 0.894451 0.000000 0.447167 0.382408 0.382408 0.382408
534.190308 0.000000 1381.654419 0.000000 0.911075 0.000000 -0.412242 0.424399 0.424399 0.424399
537.808167 0.000000 1396.175781 0.000000 0.065781 0.000000 0.997834 0.321850 0.321850 0.321850
525.659363 0.000000 1391.448486 0.000000 0.698963 0.000000 0.715157 0.354244 0.354244 0.354244
543.666260 0.000000 1398.747192 0.000000 0.164338 0.000000 0.986404 0.321389 0.321389 0.321389
553.687378 0.000000 1379.837280 0.000000 0.578847 0.000000 0.815436 0.381909 0.381909 0.381909
568.744568 0.000000 1382.065918 0.000000 0.863112 0.000000 -0.505013 0.408459 0.408459 0.408459
558.253357 0.000000 1382.980347 0.000000 0.913651 0.000000 0.406498 0.390594 0.390594 0.390594
555.231445 0.000000 1382.484863 0.000000 0.507648 0.000000 0.861564 0.363708 0.363708 0.363708
543.918762 0.000000 1405.856567 0.000000 0.773608 0.000000 -0.633664 0.418161 0.418161 0.418161
574.947693 0.000000 1400.864746 0.000000 0.854085 0.000000 0.520134 0.379242 0.379242 0.379242
552.054626 0.000000 1406.389404 0.000000 0.948752 0.000000 0.316020 0.369657 0.369657 0.369657
571.691772 0.000000 1404.196289 0.000000 0.385092 0.000000 -0.922878 0.441085 0.441085 0.441085
553.805847 0.000000 1386.063721 0.000000 0.903156 0.000000 -0.429312 0.422156 0.422156 0.422156
570.921082 0.000000 1383.217285 0.000000 0.614706 0.000000 0.788757 0.347817 0.347817 0.347817
548.497437 0.000000 1402.734619 0.000000 0.057532 0.000000 -0.998344 0.514847 0.514847 0.514847
598.677490 0.000000 1369.564819 0.000000 0.990305 0.000000 0.138910 0.398608 0.398608 0.398608
598.802368 0.000000 1364.988281 0.000000 0.966923 0.000000 0.255069 0.396137 0.396137 0.396137
592.690613 0.000000 1363.772461 0.000000 0.818332 0.000000 0.574746 0.382574 0.382574 0.382574
594.572021 0.000000 1346.213501 0.000000 0.914657 0.000000 -0.404231 0.416207 0.416207 0.416207
593.073486 0.000000 1369.334595 0.000000 0.112147 0.000000 0.993692 0.326452 0.326452 0.326452
595.975647 0.000000 1349.358398 0.000000 0.388641 0.000000 -0.921389 0.467276 0.467276 0.467276
613.543884 0.000000 1343.735352 0.000000 0.970958 0.000000 0.239249 0.399035 0.399035 0.399035
619.685425 0.000000 1368.545166 0.000000 0.965387 0.000000 0.260822 0.395389 0.395389 0.395389
628.621155 0.000000 1351.546509 0.000000 0.692484 0.000000 -0.721433 0.417705 0.417705 0.417705
622.103638 0.000000 1374.820923 0.000000 0.601027 0.000000 -0.799229 0.423118 0.423118 0.423118
630.457886 0.000000 1361.533325 0.000000 0.241782 0.000000 -0.970331 0.436431 0.436431 0.436431
638.563354 0.000000 1353.751831 0.000000 0.866122 0.000000 0.499833 0.385365 0.385365 0.385365
624.976440 0.000000 1373.910889 0.000000 0.834841 0.000000 -0.550492 0.421539 0.421539 0.421539
620.702087 0.000000 1371.232788 0.000000 0.707611 0.000000 0.706603 0.329476 0.329476 0.329476
614.842712 0.000000 1368.167114 0.000000 0.267971 0.000000 0.963427 0.290343 0.290343 0.290343
628.429688 0.000000 1358.416504 0.000000 0.832717 0.000000 -0.553699 0.433694 0.433694 0.433694
638.855591 0.000000 1348.476807 0.000000 0.458621 0.000000 0.888632 0.339894 0.339894 0.339894
627.967834 0.000000 1349.358398 0.000000 0.835292 0.000000 0.549806 0.366574 0.366574 0.366574
613.880310 0.000000 1366.164795 0.000000 0.943171 0.000000 0.332309 0.380549 0.380549 0.380549
638.739075 0.000000 1351.575439 0.000000 0.353175 0.000000 -0.935557 0.469469 0.469469 0.469469
587.344604 0.000000 1391.039429 0.000000 0.848896 0.000000 -0.528560 0.401390 0.401390 0.401390
592.753479 0.000000 1385.780396 0.000000 0.607076 0.000000 0.794643 0.393121 0.393121 0.393121
598.677490 0.000000 1401.549194 0.000000 0.984395 0.000000 0.175972 0.398057 0.398057 0.398057
583.961426 0.000000 1388.617676 0.000000 0.706079 0.000000 -0.708133 0.413751 0.413751 0.413751
595.822205 0.000000 1388.115845 0.000000 0.433527 0.000000 -0.901141 0.421856 0.421856 0.421856
591.215027 0.000000 1393.227417 0.000000 0.349632 0.000000 -0.936887 0.433328 0.433328 0.433328
581.039917 0.000000 1406.169678 0.000000 0.113512 0.000000 -0.993537 0.455291 0.455291 0.455291
588.709900 0.000000 1403.217163 0.000000 0.547780 0.000000 -0.836622 0.432661 0.432661 0.432661
578.650269 0.000000 1407.287354 0.000000 0.232838 0.000000 -0.972516 0.522724 0.522724 0.522724
588.561218 0.000000 1393.688232 0.000000 0.224731 0.000000 0.974421 0.348994 0.348994 0.348994
581.444824 0.000000 1387.859619 0.000000 0.941938 0.000000 0.335787 0.385124 0.385124 0.385124
596.437500 0.000000 1390.400879 0.000000 0.994302 0.000000 0.106600 0.394721 0.394721 0.394721
601.792542 0.000000 1396.175781 0.000000 0.960716 0.000000 0.277532 0.381184 0.381184 0.381184
599.944580 0.000000 1395.047119 0.000000 0.275006 0.000000 -0.961443 0.483232 0.483232 0.483232
608.040344 0.000000 1376.972534 0.000000 0.999635 0.000000 0.027030 0.399757 0.399757 0.399757
638.077393 0.000000 1397.227051 0.000000 0.565580 0.000000 0.824693 0.384023 0.384023 0.384023
613.032104 0.000000 1406.169678 0.000000 0.960531 0.000000 -0.278173 0.410697 0.410697 0.410697
639.527710 0.000000 1403.356079 0.000000 0.888250 0.000000 0.459360 0.375454 0.375454 0.375454
661.146729 0.000000 1303.286255 0.000000 0.773192 0.000000 -0.634172 0.426068 0.426068 0.426068
642.299622 0.000000 1306.078735 0.000000 0.844090 0.000000 -0.536202 0.426845 0.426845 0.426845
663.963196 0.000000 1303.468262 0.000000 0.978237 0.000000 -0.207489 0.412001 0.412001 0.412001
668.675781 0.000000 1303.216309 0.000000 0.999626 0.000000 -0.027335 0.401570 0.401570 0.401570
645.872498 0.000000 1302.196045 0.000000 0.074291 0.000000 0.997237 0.314074 0.314074 0.314074
687.191589 0.000000 1297.274292 0.000000 0.325321 0.000000 -0.945603 0.432181 0.432181 0.432181
691.756470 0.000000 1299.089111 0.000000 0.988468 0.000000 0.151428 0.396433 0.396433 0.396433
677.016479 0.000000 1310.216553 0.000000 0.385773 0.000000 0.922594 0.363633 0.363633 0.363633
680.023376 0.000000 1310.436279 0.000000 0.963838 0.000000 0.266490 0.388282 0.388282 0.388282
690.826965 0.000000 1308.078369 0.000000 0.596969 0.000000 -0.802265 0.444165 0.444165 0.444165
671.853577 0.000000 1298.770264 0.000000 0.421982 0.000000 -0.906604 0.454413 0.454413 0.454413
677.864685 0.000000 1302.196045 0.000000 0.303053 0.000000 0.952974 0.327483 0.327483 0.327483
652.351685 0.000000 1322.521606 0.000000 0.715985 0.000000 -0.698115 0.412347 0.412347 0.412347
644.246216 0.000000 1321.519775 0.000000 0.983018 0.000000 -0.183509 0.403686 0.403686 0.403686
666.283569 0.000000 1315.008545 0.000000 0.423196 0.000000 -0.906038 0.433402 0.433402 0.433402
654.595886 0.000000 1312.219238 0.000000 0.534047 0.000000 0.845455 0.367304 0.367304 0.367304
639.895325 0.000000 1341.887817 0.000000 0.464912 0.000000 -0.885357 0.432030 0.432030 0.432030
648.883362 0.000000 1337.574829 0.000000 0.537846 0.000000 -0.843043 0.429545 0.429545 0.429545
656.674988 0.000000 1331.788086 0.000000 0.788932 0.000000 0.614481 0.381167 0.381167 0.381167
671.519897 0.000000 1339.387329 0.000000 0.556562 0.000000 0.830806 0.353978 0.353978 0.353978
646.834900 0.000000 1336.182739 0.000000 0.935076 0.000000 -0.354447 0.420805 0.420805 0.420805
652.936646 0.000000 1325.274658 0.000000 0.578807 0.000000 -0.815465 0.454752 0.454752 0.454752
670.847778 0.000000 1316.492432 0.000000 0.853444 0.000000 -0.521185 0.431480 0.431480 0.431480
640.494263 0.000000 1339.625366 0.000000 0.993783 0.000000 -0.111333 0.406406 0.406406 0.406406
645.872498 0.000000 1334.180420 0.000000 0.278050 0.000000 0.960566 0.328557 0.328557 0.328557
672.193420 0.000000 1328.437256 0.000000 0.958077 0.000000 0.286512 0.394777 0.394777 0.394777
694.903137 0.000000 1326.498047 0.000000 0.361645 0.000000 0.932316 0.372421 0.372421 0.372421
686.588074 0.000000 1312.219238 0.000000 0.868841 0.000000 0.495091 0.384742 0.384742 0.384742
688.667175 0.000000 1331.788086 0.000000 0.710882 0.000000 -0.703312 0.428822 0.428822 0.428822
693.138916 0.000000 1335.270630 0.000000 0.899634 0.000000 0.436646 0.379920 0.379920 0.379920
699.660522 0.000000 1340.227539 0.000000 0.381966 0.000000 0.924176 0.342315 0.342315 0.342315
695.120728 0.000000 1320.021362 0.000000 0.226468 0.000000 0.974019 0.327613 0.327613 0.327613
700.667969 0.000000 1335.200684 0.000000 0.440728 0.000000 -0.897641 0.467327 0.467327 0.467327
692.414062 0.000000 1326.432129 0.000000 0.999902 0.000000 -0.013993 0.400804 0.400804 0.400804
697.769104 0.000000 1332.207031 0.000000 0.601348 0.000000 0.798987 0.351935 0.351935 0.351935
683.980896 0.000000 1316.318481 0.000000 0.775641 0.000000 -0.631175 0.439222 0.439222 0.439222
691.952209 0.000000 1317.374023 0.000000 0.953314 0.000000 0.301981 0.382385 0.382385 0.382385
692.514221 0.000000 1333.115479 0.000000 0.718828 0.000000 0.695188 0.359316 0.359316 0.359316
719.294739 0.000000 1293.500244 0.000000 0.163508 0.000000 0.986542 0.364182 0.364182 0.364182
722.819153 0.000000 1308.078369 0.000000 0.301246 0.000000 0.953547 0.329269 0.329269 0.329269
718.612976 0.000000 1291.187622 0.000000 0.991464 0.000000 0.130382 0.392492 0.392492 0.392492
734.715637 0.000000 1287.606689 0.000000 0.731136 0.000000 -0.682231 0.443112 0.443112 0.443112
737.949280 0.000000 1303.049438 0.000000 0.635345 0.000000 -0.772229 0.442294 0.442294 0.442294
743.503784 0.000000 1299.699463 0.000000 0.364178 0.000000 0.931329 0.344368 0.344368 0.344368
719.175354 0.000000 1335.686646 0.000000 0.824141 0.000000 0.566384 0.386772 0.386772 0.386772
714.859131 0.000000 1333.664795 0.000000 0.926161 0.000000 -0.377130 0.413902 0.413902 0.413902
707.242310 0.000000 1318.807983 0.000000 0.011930 0.000000 0.999929 0.319051 0.319051 0.319051
716.952881 0.000000 1334.546021 0.000000 0.769485 0.000000 -0.638665 0.435974 0.435974 0.435974
756.589905 0.000000 1319.562134 0.000000 0.343614 0.000000 -0.939111 0.421930 0.421930 0.421930
762.577698 0.000000 1326.466309 0.000000 0.530662 0.000000 -0.847584 0.428281 0.428281 0.428281
739.948608 0.000000 1333.099854 0.000000 0.004668 0.000000 -0.999989 0.453957 0.453957 0.453957
752.651550 0.000000 1331.788086 0.000000 0.761612 0.000000 0.648033 0.375007 0.375007 0.375007
755.062561 0.000000 1321.692505 0.000000 0.391313 0.000000 -0.920258 0.455438 0.455438 0.455438
760.768921 0.000000 1327.697510 0.000000 0.952842 0.000000 -0.303467 0.417704 0.417704 0.417704
668.161255 0.000000 1369.514282 0.000000 0.970009 0.000000 0.243069 0.399510 0.399510 0.399510
662.661865 0.000000 1369.564819 0.000000 0.275242 0.000000 -0.961375 0.414192 0.414192 0.414192
667.527100 0.000000 1353.605103 0.000000 0.980171 0.000000 0.198152 0.395518 0.395518 0.395518
666.283569 0.000000 1346.992920 0.000000 0.475428 0.000000 -0.879755 0.432753 0.432753 0.432753
651.208008 0.000000 1350.500488 0.000000 0.988434 0.000000 -0.151654 0.404485 0.404485 0.404485
643.239868 0.000000 1345.685303 0.000000 0.941940 0.000000 0.335780 0.386835 0.386835 0.386835
650.874756 0.000000 1365.649170 0.000000 0.620619 0.000000 0.784112 0.360399 0.360399 0.360399
663.768433 0.000000 1347.778198 0.000000 0.979768 0.000000 0.200137 0.391649 0.391649 0.391649
662.159058 0.000000 1349.670044 0.000000 0.988890 0.000000 -0.148652 0.407375 0.407375 0.407375
666.897644 0.000000 1351.232910 0.000000 0.798005 0.000000 0.602651 0.358661 0.358661 0.358661
652.968506 0.000000 1366.530396 0.000000 0.833652 0.000000 -0.552291 0.433597 0.433597 0.433597
667.189331 0.000000 1348.974731 0.000000 0.894170 0.000000 -0.447727 0.426192 0.426192 0.426192
695.760620 0.000000 1347.778198 0.000000 0.793987 0.000000 0.607935 0.362478 0.362478 0.362478
673.964905 0.000000 1367.018188 0.000000 0.103826 0.000000 0.994595 0.332621 0.332621 0.332621
675.919067 0.000000 1360.430542 0.000000 0.955033 0.000000 0.296500 0.382715 0.382715 0.382715
689.382690 0.000000 1356.144165 0.000000 0.996994 0.000000 0.077478 0.395895 0.395895 0.395895
671.853577 0.000000 1362.739014 0.000000 0.184096 0.000000 0.982908 0.325279 0.325279 0.325279
689.050049 0.000000 1369.334595 0.000000 0.894239 0.000000 0.447589 0.373353 0.373353 0.373353
696.784546 0.000000 1359.681885 0.000000 0.934863 0.000000 -0.355010 0.420839 0.420839 0.420839
681.024170 0.000000 1349.994751 0.000000 0.285417 0.000000 0.958403 0.326424 0.326424 0.326424
649.655212 0.000000 1394.432495 0.000000 0.998394 0.000000 -0.056646 0.401132 0.401132 0.401132
666.601135 0.000000 1390.435059 0.000000 0.141318 0.000000 -0.989964 0.433535 0.433535 0.433535
647.634521 0.000000 1391.797729 0.000000 0.711849 0.000000 0.702333 0.380171 0.380171 0.380171
639.895325 0.000000 1405.856567 0.000000 0.028133 0.000000 0.999604 0.344541 0.344541 0.344541
642.470276 0.000000 1394.338867 0.000000 0.714874 0.000000 -0.699254 0.431705 0.431705 0.431705
645.024292 0.000000 1406.169678 0.000000 0.854766 0.000000 -0.519013 0.418801 0.418801 0.418801
645.429199 0.000000 1387.859619 0.000000 0.991008 0.000000 0.133806 0.394907 0.394907 0.394907
646.644104 0.000000 1385.716187 0.000000 0.585965 0.000000 0.810336 0.341036 0.341036 0.341036
652.442078 0.000000 1405.361206 0.000000 0.226829 0.000000 -0.973935 0.493809 0.493809 0.493809
698.170410 0.000000 1398.481689 0.000000 0.083183 0.000000 0.996534 0.361378 0.361378 0.361378
692.552185 0.000000 1376.361694 0.000000 0.984996 0.000000 -0.172576 0.406322 0.406322 0.406322
684.537781 0.000000 1393.688232 0.000000 0.797379 0.000000 -0.603479 0.429760 0.429760 0.429760
689.382690 0.000000 1388.128540 0.000000 0.700080 0.000000 0.714064 0.338450 0.338450 0.338450
687.374268 0.000000 1381.031494 0.000000 0.364349 0.000000 0.931262 0.333610 0.333610 0.333610
684.478821 0.000000 1384.300903 0.000000 0.845520 0.000000 0.533944 0.367657 0.367657 0.367657
726.895325 0.000000 1358.482422 0.000000 0.966172 0.000000 -0.257900 0.404428 0.404428 0.404428
719.175354 0.000000 1367.671021 0.000000 0.941584 0.000000 0.336779 0.391768 0.391768 0.391768
716.678650 0.000000 1371.232788 0.000000 0.999885 0.000000 -0.015159 0.400484 0.400484 0.400484
731.652710 0.000000 1372.211914 0.000000 0.892870 0.000000 0.450314 0.383440 0.383440 0.383440
707.242310 0.000000 1350.792358 0.000000 0.786225 0.000000 0.617940 0.371396 0.371396 0.371396
724.406250 0.000000 1358.416504 0.000000 0.345097 0.000000 -0.938567 0.469964 0.469964 0.469964
703.845764 0.000000 1362.739014 0.000000 0.964403 0.000000 0.264435 0.385435 0.385435 0.385435
716.471008 0.000000 1352.316528 0.000000 0.885636 0.000000 0.464380 0.372993 0.372993 0.372993
763.503662 0.000000 1353.605103 0.000000 0.528844 0.000000 -0.848719 0.426822 0.426822 0.426822
714.615906 0.000000 1375.503296 0.000000 0.999025 0.000000 -0.044141 0.400661 0.400661 0.400661
709.513977 0.000000 1394.226929 0.000000 0.951559 0.000000 0.307467 0.395943 0.395943 0.395943
703.943970 0.000000 1387.763306 0.000000 0.977016 0.000000 -0.213168 0.403754 0.403754 0.403754
727.601318 0.000000 1376.040283 0.000000 0.837550 0.000000 -0.546361 0.414142 0.414142 0.414142
719.175354 0.000000 1399.655396 0.000000 0.906840 0.000000 0.421474 0.389790 0.389790 0.389790
705.209717 0.000000 1390.094727 0.000000 0.487457 0.000000 -0.873147 0.441346 0.441346 0.441346
722.819153 0.000000 1404.031494 0.000000 0.248518 0.000000 -0.968627 0.459961 0.459961 0.459961
711.511597 0.000000 1395.652588 0.000000 0.655143 0.000000 0.755505 0.350824 0.350824 0.350824
744.007751 0.000000 1406.389404 0.000000 0.633428 0.000000 0.773802 0.358913 0.358913 0.358913
753.367065 0.000000 1388.128540 0.000000 0.997216 0.000000 0.074572 0.396646 0.396646 0.396646
748.463196 0.000000 1384.300903 0.000000 0.624124 0.000000 0.781326 0.349402 0.349402 0.349402
534.942200 0.000000 1422.451172 0.000000 0.288840 0.000000 0.957377 0.380222 0.380222 0.380222
513.036133 0.000000 1412.040771 0.000000 0.440760 0.000000 0.897625 0.367728 0.367728 0.367728
523.616150 0.000000 1409.961670 0.000000 0.987986 0.000000 -0.154542 0.414255 0.414255 0.414255
514.665894 0.000000 1439.271729 0.000000 0.189673 0.000000 -0.981847 0.454433 0.454433 0.454433
543.551147 0.000000 1435.340454 0.000000 0.144065 0.000000 0.989568 0.318105 0.318105 0.318105
515.958130 0.000000 1424.399292 0.000000 0.995874 0.000000 -0.090743 0.404991 0.404991 0.404991
517.928101 0.000000 1410.113403 0.000000 0.570190 0.000000 -0.821513 0.454876 0.454876 0.454876
529.421753 0.000000 1420.112915 0.000000 0.737153 0.000000 -0.675726 0.442603 0.442603 0.442603
540.707031 0.000000 1431.153809 0.000000 0.939997 0.000000 -0.341184 0.419992 0.419992 0.419992
536.823608 0.000000 1423.650635 0.000000 0.935490 0.000000 0.353353 0.379262 0.379262 0.379262
562.466797 0.000000 1430.265259 0.000000 0.374738 0.000000 0.927131 0.395852 0.395852 0.395852
573.499084 0.000000 1420.604736 0.000000 0.953734 0.000000 -0.300653 0.403507 0.403507 0.403507
559.222839 0.000000 1425.211792 0.000000 0.582425 0.000000 0.812885 0.373936 0.373936 0.373936
564.583435 0.000000 1408.346069 0.000000 0.120733 0.000000 -0.992685 0.455015 0.455015 0.455015
562.858215 0.000000 1436.015869 0.000000 0.997308 0.000000 -0.073325 0.404214 0.404214 0.404214
566.182495 0.000000 1413.638794 0.000000 0.450954 0.000000 0.892547 0.347682 0.347682 0.347682
561.081299 0.000000 1433.303345 0.000000 0.996082 0.000000 0.088438 0.394915 0.394915 0.394915
544.517700 0.000000 1435.578491 0.000000 0.971024 0.000000 0.238980 0.387589 0.387589 0.387589
523.616150 0.000000 1441.946045 0.000000 0.743924 0.000000 0.668264 0.372593 0.372593 0.372593
574.499146 0.000000 1457.367676 0.000000 0.669460 0.000000 0.742848 0.382859 0.382859 0.382859
605.491272 0.000000 1420.604736 0.000000 0.994471 0.000000 -0.105009 0.401103 0.401103 0.401103
598.465698 0.000000 1425.502075 0.000000 0.993097 0.000000 -0.117296 0.403874 0.403874 0.403874
606.571167 0.000000 1417.720581 0.000000 0.980913 0.000000 -0.194446 0.406058 0.406058 0.406058
584.898987 0.000000 1433.527954 0.000000 0.860086 0.000000 0.510150 0.379684 0.379684 0.379684
604.203796 0.000000 1427.105225 0.000000 0.585391 0.000000 -0.810751 0.435877 0.435877 0.435877
598.331177 0.000000 1436.416260 0.000000 0.672658 0.000000 -0.739954 0.431610 0.431610 0.431610
592.984253 0.000000 1437.879639 0.000000 0.987121 0.000000 0.159977 0.393903 0.393903 0.393903
587.600525 0.000000 1409.961670 0.000000 0.774482 0.000000 0.632597 0.372300 0.372300 0.372300
590.644226 0.000000 1419.125122 0.000000 0.587394 0.000000 -0.809301 0.460266 0.460266 0.460266
588.502258 0.000000 1416.285278 0.000000 0.614513 0.000000 0.788907 0.345080 0.345080 0.345080
585.047607 0.000000 1413.963501 0.000000 0.644598 0.000000 -0.764522 0.450408 0.450408 0.450408
630.669678 0.000000 1433.533569 0.000000 0.408744 0.000000 0.912649 0.386796 0.386796 0.386796
638.124084 0.000000 1437.665527 0.000000 0.511166 0.000000 -0.859482 0.415492 0.415492 0.415492
637.680847 0.000000 1410.500854 0.000000 0.380204 0.000000 0.924903 0.369932 0.369932 0.369932
633.437256 0.000000 1434.588501 0.000000 0.464314 0.000000 0.885671 0.365234 0.365234 0.365234
616.149048 0.000000 1409.187744 0.000000 0.522527 0.000000 -0.852623 0.438744 0.438744 0.438744
616.891174 0.000000 1433.527954 0.000000 0.552506 0.000000 0.833509 0.370478 0.370478 0.370478
613.781921 0.000000 1415.023560 0.000000 0.775216 0.000000 0.631696 0.374737 0.374737 0.374737
616.039001 0.000000 1438.373779 0.000000 0.724615 0.000000 -0.689154 0.467955 0.467955 0.467955
635.676147 0.000000 1436.180664 0.000000 0.991792 0.000000 0.127860 0.395135 0.395135 0.395135
619.592712 0.000000 1409.961670 0.000000 0.619431 0.000000 -0.785051 0.434258 0.434258 0.434258
634.075134 0.000000 1419.859619 0.000000 0.541571 0.000000 0.840655 0.349147 0.349147 0.349147
618.603394 0.000000 1420.440308 0.000000 0.998590 0.000000 -0.053083 0.402015 0.402015 0.402015
620.553406 0.000000 1425.672607 0.000000 0.076692 0.000000 0.997055 0.346289 0.346289 0.346289
614.842712 0.000000 1432.135864 0.000000 0.616554 0.000000 0.787313 0.333921 0.333921 0.333921
619.996521 0.000000 1412.271606 0.000000 0.729868 0.000000 0.683588 0.359036 0.359036 0.359036
625.065674 0.000000 1433.303345 0.000000 0.987868 0.000000 0.155296 0.391280 0.391280 0.391280
632.800171 0.000000 1423.650635 0.000000 0.902120 0.000000 -0.431486 0.433860 0.433860 0.433860
628.529846 0.000000 1429.068604 0.000000 0.999529 0.000000 -0.030682 0.401609 0.401609 0.401609
623.212585 0.000000 1429.403687 0.000000 0.607414 0.000000 0.794385 0.342246 0.342246 0.342246
620.494446 0.000000 1416.285278 0.000000 0.998469 0.000000 -0.055305 0.403371 0.403371 0.403371
622.183716 0.000000 1433.510742 0.000000 0.942148 0.000000 0.335197 0.379861 0.379861 0.379861
625.855774 0.000000 1425.877686 0.000000 0.587919 0.000000 -0.808920 0.460225 0.460225 0.460225
628.557251 0.000000 1424.524048 0.000000 0.695742 0.000000 0.718292 0.346384 0.346384 0.346384
605.688660 0.000000 1442.485229 0.000000 0.920432 0.000000 -0.390902 0.409224 0.409224 0.409224
598.465698 0.000000 1457.486450 0.000000 0.099269 0.000000 0.995061 0.252332 0.252332 0.252332
590.611511 0.000000 1440.156738 0.000000 0.999865 0.000000 0.016456 0.399515 0.399515 0.399515
594.572021 0.000000 1442.166626 0.000000 0.225672 0.000000 0.974203 0.340982 0.340982 0.340982
605.008362 0.000000 1455.286621 0.000000 0.484563 0.000000 0.874756 0.356398 0.356398 0.356398
594.003113 0.000000 1447.568604 0.000000 0.848050 0.000000 -0.529917 0.433464 0.433464 0.433464
593.406128 0.000000 1452.097290 0.000000 0.996728 0.000000 -0.080832 0.405091 0.405091 0.405091
604.691406 0.000000 1463.138184 0.000000 0.062231 0.000000 0.998062 0.330704 0.330704 0.330704
590.644226 0.000000 1451.109497 0.000000 0.656971 0.000000 -0.753916 0.458845 0.458845 0.458845
596.437500 0.000000 1454.369629 0.000000 0.093622 0.000000 -0.995608 0.479650 0.479650 0.479650
601.792542 0.000000 1460.144531 0.000000 0.232356 0.000000 -0.972631 0.501418 0.501418 0.501418
592.206482 0.000000 1442.317139 0.000000 0.094513 0.000000 0.995524 0.290916 0.290916 0.290916
595.975647 0.000000 1445.311523 0.000000 0.985951 0.000000 -0.167033 0.409217 0.409217 0.409217
614.564758 0.000000 1467.513916 0.000000 0.337709 0.000000 -0.941251 0.428166 0.428166 0.428166
623.198792 0.000000 1463.624146 0.000000 0.182471 0.000000 0.983211 0.363980 0.363980 0.363980
615.642334 0.000000 1455.766479 0.000000 0.310297 0.000000 -0.950640 0.438234 0.438234 0.438234
607.903137 0.000000 1469.825317 0.000000 0.127590 0.000000 0.991827 0.345247 0.345247 0.345247
610.478088 0.000000 1458.307617 0.000000 0.976269 0.000000 0.216560 0.391716 0.391716 0.391716
638.932068 0.000000 1464.833496 0.000000 0.007861 0.000000 -0.999969 0.459310 0.459310 0.459310
610.532227 0.000000 1451.456055 0.000000 0.658364 0.000000 -0.752700 0.432337 0.432337 0.432337
609.233154 0.000000 1454.063477 0.000000 0.134279 0.000000 -0.990944 0.466687 0.466687 0.466687
634.905457 0.000000 1447.186035 0.000000 0.999457 0.000000 -0.032941 0.401892 0.401892 0.401892
628.429688 0.000000 1454.369629 0.000000 0.696592 0.000000 -0.717467 0.457931 0.457931 0.457931
621.635925 0.000000 1455.417236 0.000000 0.135143 0.000000 -0.990826 0.508211 0.508211 0.508211
628.529846 0.000000 1461.052979 0.000000 0.078041 0.000000 -0.996950 0.505834 0.505834 0.505834
624.392334 0.000000 1455.421753 0.000000 0.086140 0.000000 0.996283 0.310309 0.310309 0.310309
625.855774 0.000000 1457.862061 0.000000 0.189110 0.000000 -0.981956 0.493058 0.493058 0.493058
628.557251 0.000000 1456.508423 0.000000 0.982948 0.000000 0.183885 0.388919 0.388919 0.388919
568.744568 0.000000 1478.019043 0.000000 0.101397 0.000000 -0.994846 0.430811 0.430811 0.430811
563.830017 0.000000 1484.068970 0.000000 0.634211 0.000000 -0.773160 0.416328 0.416328 0.416328
553.678650 0.000000 1490.385620 0.000000 0.465947 0.000000 -0.884813 0.426030 0.426030 0.426030
552.054626 0.000000 1502.342529 0.000000 0.319731 0.000000 0.947508 0.351498 0.351498 0.351498
567.986633 0.000000 1495.374512 0.000000 0.137581 0.000000 -0.990490 0.482271 0.482271 0.482271
564.445312 0.000000 1486.354004 0.000000 0.975287 0.000000 0.220940 0.387208 0.387208 0.387208
556.012146 0.000000 1476.240356 0.000000 0.062239 0.000000 -0.998061 0.478335 0.478335 0.478335
569.392151 0.000000 1480.642578 0.000000 0.996112 0.000000 0.088098 0.394935 0.394935 0.394935
573.456482 0.000000 1499.054932 0.000000 0.987009 0.000000 -0.160664 0.410232 0.410232 0.410232
556.960083 0.000000 1517.180908 0.000000 0.134833 0.000000 0.990868 0.317570 0.317570 0.317570
574.871216 0.000000 1508.398682 0.000000 0.876044 0.000000 0.482230 0.374875 0.374875 0.374875
553.055420 0.000000 1509.916626 0.000000 0.257848 0.000000 0.966185 0.325433 0.325433 0.325433
575.910950 0.000000 1501.809692 0.000000 0.992179 0.000000 -0.124821 0.404624 0.404624 0.404624
606.679993 0.000000 1471.684570 0.000000 0.688113 0.000000 -0.725604 0.430405 0.430405 0.430405
583.542847 0.000000 1491.605713 0.000000 0.340125 0.000000 -0.940380 0.454993 0.454993 0.454993
638.563354 0.000000 1481.689331 0.000000 0.801418 0.000000 0.598104 0.375350 0.375350 0.375350
615.535034 0.000000 1491.605713 0.000000 0.523921 0.000000 0.851767 0.344522 0.344522 0.344522
578.640259 0.000000 1532.536499 0.000000 0.535398 0.000000 0.844600 0.393471 0.393471 0.393471
581.789734 0.000000 1510.976685 0.000000 0.849700 0.000000 -0.527266 0.421075 0.421075 0.421075
599.144165 0.000000 1511.927612 0.000000 0.495913 0.000000 -0.868372 0.460401 0.460401 0.460401
598.174683 0.000000 1509.591919 0.000000 0.165600 0.000000 -0.986193 0.477137 0.477137 0.477137
582.659729 0.000000 1513.653687 0.000000 0.961698 0.000000 0.274110 0.387938 0.387938 0.387938
593.406128 0.000000 1516.066040 0.000000 0.134003 0.000000 0.990981 0.317522 0.317522 0.317522
604.691406 0.000000 1527.106934 0.000000 0.909178 0.000000 0.416408 0.375338 0.375338 0.375338
606.863403 0.000000 1508.398682 0.000000 0.143453 0.000000 -0.989657 0.481930 0.481930 0.481930
576.509888 0.000000 1531.531616 0.000000 0.625976 0.000000 0.779842 0.352215 0.352215 0.352215
580.489624 0.000000 1530.672119 0.000000 0.620167 0.000000 -0.784470 0.451784 0.451784 0.451784
602.111633 0.000000 1528.531982 0.000000 0.985201 0.000000 -0.171405 0.411009 0.411009 0.411009
617.671753 0.000000 1507.774780 0.000000 0.715300 0.000000 -0.698818 0.413135 0.413135 0.413135
628.621155 0.000000 1511.468384 0.000000 0.393397 0.000000 0.919369 0.373791 0.373791 0.373791
625.612183 0.000000 1508.835205 0.000000 0.162681 0.000000 -0.986679 0.425298 0.425298 0.425298
638.563354 0.000000 1513.673706 0.000000 0.721675 0.000000 -0.692232 0.429014 0.429014 0.429014
630.166870 0.000000 1509.591919 0.000000 0.689893 0.000000 0.723911 0.365241 0.365241 0.365241
631.971008 0.000000 1527.358887 0.000000 0.252961 0.000000 -0.967476 0.467632 0.467632 0.467632
633.784729 0.000000 1524.113281 0.000000 0.637863 0.000000 0.770150 0.357863 0.357863 0.357863
659.764282 0.000000 1427.026611 0.000000 0.701259 0.000000 0.712906 0.380187 0.380187 0.380187
647.634521 0.000000 1423.782104 0.000000 0.490913 0.000000 -0.871208 0.426405 0.426405 0.426405
656.674988 0.000000 1427.741211 0.000000 0.769795 0.000000 -0.638292 0.426270 0.426270 0.426270
670.664368 0.000000 1407.715820 0.000000 0.711684 0.000000 0.702500 0.371220 0.371220 0.371220
642.524414 0.000000 1419.471680 0.000000 0.748948 0.000000 -0.662628 0.430018 0.430018 0.430018
641.930359 0.000000 1407.937378 0.000000 0.519744 0.000000 -0.854322 0.469552 0.469552 0.469552
682.587769 0.000000 1420.440308 0.000000 0.996378 0.000000 0.085029 0.396854 0.396854 0.396854
681.774597 0.000000 1418.048096 0.000000 0.215884 0.000000 -0.976419 0.452026 0.452026 0.452026
673.964905 0.000000 1430.986938 0.000000 0.044368 0.000000 0.999015 0.312352 0.312352 0.312352
700.667969 0.000000 1431.153809 0.000000 0.963710 0.000000 0.266951 0.382999 0.382999 0.382999
697.769104 0.000000 1428.160156 0.000000 0.709257 0.000000 0.704950 0.341405 0.341405 0.341405
695.921143 0.000000 1427.031494 0.000000 0.064909 0.000000 0.997891 0.301504 0.301504 0.301504
643.927124 0.000000 1453.954590 0.000000 0.995604 0.000000 0.093662 0.399344 0.399344 0.399344
654.229919 0.000000 1446.949097 0.000000 0.911980 0.000000 0.410235 0.390924 0.390924 0.390924
647.634521 0.000000 1455.766479 0.000000 0.648433 0.000000 -0.761271 0.425058 0.425058 0.425058
643.239868 0.000000 1441.638428 0.000000 0.670937 0.000000 -0.741514 0.425025 0.425025 0.425025
645.024292 0.000000 1470.138428 0.000000 0.038558 0.000000 0.999256 0.344151 0.344151 0.344151
651.584900 0.000000 1441.946045 0.000000 0.621263 0.000000 -0.783602 0.433270 0.433270 0.433270
665.776917 0.000000 1460.144531 0.000000 0.129943 0.000000 0.991521 0.318006 0.318006 0.318006
698.170410 0.000000 1462.450439 0.000000 0.151292 0.000000 -0.988489 0.437550 0.437550 0.437550
677.016479 0.000000 1470.138428 0.000000 0.503722 0.000000 0.863866 0.359904 0.359904 0.359904
700.180359 0.000000 1459.089600 0.000000 0.933602 0.000000 -0.358311 0.412625 0.412625 0.412625
674.626831 0.000000 1471.256104 0.000000 0.273421 0.000000 -0.961895 0.449098 0.449098 0.449098
675.250122 0.000000 1446.745483 0.000000 0.690367 0.000000 -0.723460 0.442403 0.442403 0.442403
690.826965 0.000000 1468.000244 0.000000 0.993000 0.000000 -0.118115 0.406798 0.406798 0.406798
728.705505 0.000000 1414.050293 0.000000 0.998815 0.000000 0.048663 0.399052 0.399052 0.399052
714.859131 0.000000 1429.617920 0.000000 0.125149 0.000000 0.992138 0.338659 0.338659 0.338659
727.752808 0.000000 1411.746948 0.000000 0.971074 0.000000 -0.238778 0.413844 0.413844 0.413844
715.973083 0.000000 1412.271606 0.000000 0.744711 0.000000 0.667387 0.364245 0.364245 0.364245
734.715637 0.000000 1415.544189 0.000000 0.279146 0.000000 -0.960249 0.483597 0.483597 0.483597
731.173706 0.000000 1412.943481 0.000000 0.405001 0.000000 0.914316 0.333747 0.333747 0.333747
760.999207 0.000000 1437.501343 0.000000 0.996835 0.000000 -0.079496 0.401152 0.401152 0.401152
736.981445 0.000000 1412.040771 0.000000 0.934069 0.000000 -0.357093 0.411851 0.411851 0.411851
758.426636 0.000000 1425.502075 0.000000 0.629663 0.000000 -0.776868 0.424877 0.424877 0.424877
743.191284 0.000000 1412.892212 0.000000 0.928137 0.000000 0.372238 0.381146 0.381146 0.381146
754.811340 0.000000 1436.015869 0.000000 0.999070 0.000000 -0.043108 0.402476 0.402476 0.402476
741.873413 0.000000 1410.113403 0.000000 0.097944 0.000000 -0.995192 0.481622 0.481622 0.481622
736.993164 0.000000 1417.598022 0.000000 0.893461 0.000000 0.449140 0.373253 0.373253 0.373253
756.398438 0.000000 1422.385254 0.000000 0.410989 0.000000 0.911640 0.320376 0.320376 0.320376
758.529114 0.000000 1420.243408 0.000000 0.192936 0.000000 -0.981211 0.485921 0.485921 0.485921
706.609009 0.000000 1468.567749 0.000000 0.936092 0.000000 -0.351755 0.402154 0.402154 0.402154
733.030701 0.000000 1446.058472 0.000000 0.387787 0.000000 0.921749 0.391803 0.391803 0.391803
730.162598 0.000000 1462.450439 0.000000 0.334898 0.000000 -0.942254 0.435600 0.435600 0.435600
721.374878 0.000000 1452.097290 0.000000 0.890197 0.000000 -0.455575 0.423382 0.423382 0.423382
729.761292 0.000000 1460.144531 0.000000 0.561780 0.000000 -0.827287 0.451078 0.451078 0.451078
708.458374 0.000000 1466.703369 0.000000 0.459187 0.000000 -0.888340 0.462802 0.462802 0.462802
720.368896 0.000000 1455.421753 0.000000 0.943284 0.000000 0.331987 0.380568 0.380568 0.380568
751.167542 0.000000 1463.624146 0.000000 0.925830 0.000000 0.377940 0.388195 0.388195 0.388195
736.993164 0.000000 1449.582397 0.000000 0.999331 0.000000 0.036573 0.398374 0.398374 0.398374
748.945068 0.000000 1462.483521 0.000000 0.188892 0.000000 0.981998 0.321405 0.321405 0.321405
751.181335 0.000000 1461.388062 0.000000 0.150860 0.000000 0.988555 0.318500 0.318500 0.318500
643.257935 0.000000 1478.729858 0.000000 0.811882 0.000000 -0.583821 0.432685 0.432685 0.432685
652.936646 0.000000 1485.196533 0.000000 0.815716 0.000000 0.578453 0.367045 0.367045 0.367045
653.628113 0.000000 1487.401611 0.000000 0.425584 0.000000 0.904919 0.336176 0.336176 0.336176
670.847778 0.000000 1476.414307 0.000000 0.887938 0.000000 0.459963 0.374703 0.374703 0.374703
644.473999 0.000000 1498.687744 0.000000 0.073920 0.000000 0.997264 0.314052 0.314052 0.314052
646.146240 0.000000 1486.093628 0.000000 0.318991 0.000000 0.947758 0.328446 0.328446 0.328446
683.669800 0.000000 1496.482666 0.000000 0.643619 0.000000 -0.765346 0.416537 0.416537 0.416537
691.798767 0.000000 1484.068970 0.000000 0.985079 0.000000 0.172104 0.396805 0.396805 0.396805
686.222107 0.000000 1478.933472 0.000000 0.709837 0.000000 0.704366 0.384001 0.384001 0.384001
699.660522 0.000000 1500.149414 0.000000 0.987122 0.000000 -0.159972 0.405696 0.405696 0.405696
678.827087 0.000000 1496.104614 0.000000 0.987480 0.000000 0.157747 0.390904 0.390904 0.390904
689.979675 0.000000 1479.552979 0.000000 0.995271 0.000000 -0.097140 0.405490 0.405490 0.405490
695.120728 0.000000 1479.943237 0.000000 0.897202 0.000000 0.441621 0.380359 0.380359 0.380359
675.919067 0.000000 1488.368042 0.000000 0.823217 0.000000 0.567727 0.374376 0.374376 0.374376
689.382690 0.000000 1484.081665 0.000000 0.917420 0.000000 -0.397920 0.423499 0.423499 0.423499
698.889832 0.000000 1479.170410 0.000000 0.217260 0.000000 -0.976114 0.477621 0.477621 0.477621
691.078186 0.000000 1481.614380 0.000000 0.996448 0.000000 -0.084207 0.405304 0.405304 0.405304
684.960693 0.000000 1494.467896 0.000000 0.228515 0.000000 -0.973540 0.472942 0.472942 0.472942
678.138428 0.000000 1486.093628 0.000000 0.095708 0.000000 0.995409 0.315308 0.315308 0.315308
662.450073 0.000000 1521.455200 0.000000 0.914845 0.000000 0.403806 0.389000 0.389000 0.389000
641.972717 0.000000 1526.940063 0.000000 0.405944 0.000000 0.913898 0.333806 0.333806 0.333806
660.421875 0.000000 1518.338379 0.000000 0.854805 0.000000 -0.518949 0.431330 0.431330 0.431330
689.979675 0.000000 1511.537354 0.000000 0.999779 0.000000 -0.021017 0.401207 0.401207 0.401207
718.580261 0.000000 1472.141113 0.000000 0.489509 0.000000 -0.871998 0.432792 0.432792 0.432792
707.242310 0.000000 1478.729858 0.000000 0.621744 0.000000 0.783220 0.364506 0.364506 0.364506
727.112915 0.000000 1479.943237 0.000000 0.112236 0.000000 -0.993682 0.483738 0.483738 0.483738
709.008667 0.000000 1534.107178 0.000000 0.953998 0.000000 0.299812 0.386925 0.386925 0.386925
790.755493 0.000000 1364.988281 0.000000 0.321699 0.000000 0.946842 0.377031 0.377031 0.377031
775.999939 0.000000 1374.405029 0.000000 0.682863 0.000000 -0.730546 0.427812 0.427812 0.427812
780.663025 0.000000 1371.232788 0.000000 0.015771 0.000000 0.999876 0.334003 0.334003 0.334003
788.490784 0.000000 1365.099854 0.000000 0.547221 0.000000 -0.836988 0.453481 0.453481 0.453481
773.865601 0.000000 1378.129028 0.000000 0.272597 0.000000 -0.962128 0.474343 0.474343 0.474343
802.585571 0.000000 1404.598999 0.000000 0.770518 0.000000 0.637418 0.395859 0.395859 0.395859
827.488037 0.000000 1385.589478 0.000000 0.989582 0.000000 0.143970 0.397042 0.397042 0.397042
814.556824 0.000000 1376.187988 0.000000 0.794013 0.000000 0.607901 0.375857 0.375857 0.375857
828.149109 0.000000 1395.120850 0.000000 0.958722 0.000000 0.284345 0.391218 0.391218 0.391218
818.517334 0.000000 1378.197876 0.000000 0.098083 0.000000 0.995178 0.330885 0.330885 0.330885
821.406982 0.000000 1386.214111 0.000000 0.776693 0.000000 0.629880 0.367338 0.367338 0.367338
812.897583 0.000000 1389.243408 0.000000 0.584099 0.000000 -0.811683 0.467619 0.467619 0.467619
814.589539 0.000000 1387.140747 0.000000 0.194426 0.000000 -0.980917 0.474154 0.474154 0.474154
819.046936 0.000000 1385.661255 0.000000 0.927453 0.000000 0.373940 0.377993 0.377993 0.377993
804.434937 0.000000 1402.734619 0.000000 0.856843 0.000000 0.515577 0.368896 0.368896 0.368896
822.513489 0.000000 1388.259033 0.000000 0.977449 0.000000 -0.211170 0.412217 0.412217 0.412217
830.692200 0.000000 1383.559814 0.000000 0.831346 0.000000 0.555756 0.366164 0.366164 0.366164
894.500854 0.000000 1353.751831 0.000000 0.554979 0.000000 0.831865 0.369586 0.369586 0.369586
895.465210 0.000000 1371.371704 0.000000 0.598085 0.000000 -0.801433 0.453383 0.453383 0.453383
847.451965 0.000000 1403.288086 0.000000 0.866333 0.000000 -0.499467 0.404700 0.404700 0.404700
839.898926 0.000000 1388.617676 0.000000 0.363198 0.000000 0.931712 0.374854 0.374854 0.374854
848.628113 0.000000 1395.756836 0.000000 0.981604 0.000000 0.190930 0.393573 0.393573 0.393573
842.827881 0.000000 1397.633545 0.000000 0.230798 0.000000 -0.973002 0.463462 0.463462 0.463462
850.787903 0.000000 1404.031494 0.000000 0.704346 0.000000 0.709857 0.338520 0.338520 0.338520
838.788025 0.000000 1400.151489 0.000000 0.467589 0.000000 -0.883946 0.444392 0.444392 0.444392
849.940613 0.000000 1383.599854 0.000000 0.358897 0.000000 0.933377 0.333887 0.333887 0.333887
855.081665 0.000000 1383.990112 0.000000 0.871001 0.000000 -0.491281 0.428463 0.428463 0.428463
837.849976 0.000000 1378.129028 0.000000 0.973624 0.000000 0.228160 0.387587 0.387587 0.387587
844.889771 0.000000 1389.243408 0.000000 0.842224 0.000000 0.539128 0.367020 0.367020 0.367020
846.581726 0.000000 1387.140747 0.000000 0.400553 0.000000 0.916274 0.333468 0.333468 0.333468
845.581238 0.000000 1391.448486 0.000000 0.799372 0.000000 0.600837 0.362990 0.362990 0.362990
849.010986 0.000000 1401.318970 0.000000 0.991881 0.000000 -0.127166 0.409168 0.409168 0.409168
836.427124 0.000000 1402.734619 0.000000 0.974143 0.000000 0.225934 0.387141 0.387141 0.387141
868.191528 0.000000 1385.488525 0.000000 0.730307 0.000000 0.683120 0.386858 0.386858 0.386858
880.913940 0.000000 1405.895264 0.000000 0.085073 0.000000 0.996375 0.347333 0.347333 0.347333
887.713745 0.000000 1379.762573 0.000000 0.160025 0.000000 0.987113 0.335930 0.335930 0.335930
886.104370 0.000000 1381.654419 0.000000 0.667869 0.000000 0.744279 0.352217 0.352217 0.352217
870.589417 0.000000 1385.716187 0.000000 0.990829 0.000000 -0.135125 0.408730 0.408730 0.408730
881.335815 0.000000 1388.128540 0.000000 0.173629 0.000000 0.984811 0.319825 0.319825 0.319825
875.934021 0.000000 1380.287231 0.000000 0.809372 0.000000 0.587297 0.363956 0.363956 0.363956
894.676575 0.000000 1383.559814 0.000000 0.244383 0.000000 0.969679 0.323980 0.323980 0.323980
918.848450 0.000000 1326.498047 0.000000 0.877542 0.000000 -0.479499 0.411236 0.411236 0.411236
908.379578 0.000000 1341.392456 0.000000 0.183835 0.000000 -0.982957 0.479580 0.479580 0.479580
901.711609 0.000000 1351.054810 0.000000 0.716405 0.000000 0.697684 0.364144 0.364144 0.364144
907.522400 0.000000 1345.992920 0.000000 0.882614 0.000000 0.470099 0.376052 0.376052 0.376052
906.533081 0.000000 1356.471558 0.000000 0.993993 0.000000 -0.109447 0.405366 0.405366 0.405366
927.457397 0.000000 1371.371704 0.000000 0.884242 0.000000 -0.467030 0.427902 0.427902 0.427902
913.328003 0.000000 1356.144165 0.000000 0.270331 0.000000 -0.962768 0.472535 0.472535 0.472535
910.566101 0.000000 1355.156372 0.000000 0.461020 0.000000 -0.887390 0.462683 0.462683 0.462683
916.359375 0.000000 1358.416504 0.000000 0.042376 0.000000 -0.999102 0.487762 0.487762 0.487762
918.490051 0.000000 1356.274658 0.000000 0.991748 0.000000 0.128202 0.393068 0.393068 0.393068
908.379578 0.000000 1373.376831 0.000000 0.537982 0.000000 0.842956 0.342421 0.342421 0.342421
927.889282 0.000000 1355.778931 0.000000 0.346056 0.000000 0.938214 0.381764 0.381764 0.381764
928.024475 0.000000 1368.895508 0.000000 0.510887 0.000000 0.859648 0.380370 0.380370 0.380370
930.229309 0.000000 1370.047485 0.000000 0.261917 0.000000 -0.965090 0.474979 0.474979 0.474979
927.791077 0.000000 1362.739014 0.000000 0.739387 0.000000 0.673281 0.359431 0.359431 0.359431
902.494446 0.000000 1403.545166 0.000000 0.788983 0.000000 0.614415 0.384803 0.384803 0.384803
913.541870 0.000000 1380.897705 0.000000 0.364903 0.000000 0.931046 0.376686 0.376686 0.376686
904.078735 0.000000 1377.203369 0.000000 0.451835 0.000000 -0.892101 0.508395 0.508395 0.508395
901.711609 0.000000 1383.039185 0.000000 0.815175 0.000000 -0.579215 0.424985 0.424985 0.424985
907.522400 0.000000 1377.977295 0.000000 0.343038 0.000000 0.939321 0.354898 0.354898 0.354898
898.237122 0.000000 1402.031860 0.000000 0.805158 0.000000 -0.593060 0.454205 0.454205 0.454205
902.581604 0.000000 1385.716187 0.000000 0.989518 0.000000 -0.144412 0.408321 0.408321 0.408321
896.954102 0.000000 1385.613647 0.000000 0.831784 0.000000 0.555099 0.373555 0.373555 0.373555
911.319580 0.000000 1381.031494 0.000000 0.863624 0.000000 -0.504137 0.430340 0.430340 0.430340
905.666870 0.000000 1399.490845 0.000000 0.667250 0.000000 -0.744834 0.449089 0.449089 0.449089
910.593994 0.000000 1385.031616 0.000000 0.683482 0.000000 -0.729968 0.446986 0.446986 0.446986
933.459290 0.000000 1394.226929 0.000000 0.988849 0.000000 -0.148923 0.402164 0.402164 0.402164
933.358887 0.000000 1387.859619 0.000000 0.775857 0.000000 -0.630909 0.430339 0.430339 0.430339
931.856567 0.000000 1392.414917 0.000000 0.735960 0.000000 -0.677025 0.442704 0.442704 0.442704
785.559692 0.000000 1407.591919 0.000000 0.659537 0.000000 0.751672 0.389382 0.389382 0.389382
792.991394 0.000000 1437.501343 0.000000 0.789140 0.000000 0.614213 0.391084 0.391084 0.391084
798.524292 0.000000 1417.720581 0.000000 0.838756 0.000000 -0.544508 0.416100 0.416100 0.416100
788.528748 0.000000 1408.346069 0.000000 0.131951 0.000000 0.991256 0.345414 0.345414 0.345414
770.439026 0.000000 1426.323242 0.000000 0.691949 0.000000 0.721947 0.370599 0.370599 0.370599
785.956238 0.000000 1415.584229 0.000000 0.468752 0.000000 -0.883330 0.451908 0.451908 0.451908
771.895630 0.000000 1424.399292 0.000000 0.992040 0.000000 -0.125923 0.407250 0.407250 0.407250
787.054749 0.000000 1417.645630 0.000000 0.034916 0.000000 0.999390 0.323312 0.323312 0.323312
777.698120 0.000000 1431.475220 0.000000 0.993840 0.000000 -0.110826 0.406377 0.406377 0.406377
813.287659 0.000000 1428.209595 0.000000 0.233271 0.000000 0.972412 0.385331 0.385331 0.385331
800.965820 0.000000 1412.040771 0.000000 0.535577 0.000000 0.844486 0.373890 0.373890 0.373890
807.992126 0.000000 1438.373779 0.000000 0.989436 0.000000 -0.144967 0.405085 0.405085 0.405085
803.887817 0.000000 1424.399292 0.000000 0.893865 0.000000 -0.448337 0.426695 0.426695 0.426695
811.949646 0.000000 1412.271606 0.000000 0.960967 0.000000 -0.276664 0.415256 0.415256 0.415256
806.107178 0.000000 1422.124878 0.000000 0.164736 0.000000 0.986338 0.319306 0.319306 0.319306
808.992920 0.000000 1413.963501 0.000000 0.708852 0.000000 -0.705357 0.444565 0.444565 0.444565
772.651794 0.000000 1444.416870 0.000000 0.156398 0.000000 0.987694 0.379529 0.379529 0.379529
798.633118 0.000000 1439.700195 0.000000 0.998811 0.000000 0.048755 0.398271 0.398271 0.398271
773.865601 0.000000 1442.097778 0.000000 0.877325 0.000000 0.479897 0.371259 0.371259 0.371259
779.957458 0.000000 1444.255981 0.000000 0.766859 0.000000 -0.641816 0.434447 0.434447 0.434447
810.592468 0.000000 1439.472046 0.000000 0.983485 0.000000 0.180992 0.397365 0.397365 0.397365
814.556824 0.000000 1440.156738 0.000000 0.775853 0.000000 0.630914 0.377501 0.377501 0.377501
823.089478 0.000000 1447.958862 0.000000 0.973427 0.000000 0.228996 0.386733 0.386733 0.386733
815.343018 0.000000 1445.000244 0.000000 0.833288 0.000000 -0.552839 0.433050 0.433050 0.433050
853.288086 0.000000 1411.283325 0.000000 0.373415 0.000000 -0.927665 0.407712 0.407712 0.407712
836.636169 0.000000 1412.432495 0.000000 0.928523 0.000000 -0.371276 0.404178 0.404178 0.404178
856.674255 0.000000 1414.050293 0.000000 0.480253 0.000000 -0.877130 0.419765 0.419765 0.419765
846.183044 0.000000 1414.964722 0.000000 0.320988 0.000000 0.947083 0.373912 0.373912 0.373912
835.192993 0.000000 1409.654053 0.000000 0.913372 0.000000 0.407126 0.383670 0.383670 0.383670
853.099854 0.000000 1431.223755 0.000000 0.984264 0.000000 0.176703 0.393525 0.393525 0.393525
839.167847 0.000000 1412.892212 0.000000 0.124498 0.000000 -0.992220 0.516962 0.516962 0.516962
850.787903 0.000000 1436.015869 0.000000 0.415216 0.000000 0.909723 0.350365 0.350365 0.350365
835.880005 0.000000 1424.399292 0.000000 0.992615 0.000000 0.121311 0.394778 0.394778 0.394778
839.480347 0.000000 1427.636963 0.000000 0.585991 0.000000 -0.810318 0.455660 0.455660 0.455660
858.850769 0.000000 1415.201660 0.000000 0.299793 0.000000 -0.954004 0.472713 0.472713 0.472713
852.375000 0.000000 1422.385254 0.000000 0.102760 0.000000 0.994706 0.315715 0.315715 0.315715
849.010986 0.000000 1433.303345 0.000000 0.862368 0.000000 0.506282 0.369517 0.369517 0.369517
840.985107 0.000000 1413.963501 0.000000 0.973882 0.000000 -0.227054 0.416126 0.416126 0.416126
880.913940 0.000000 1437.879639 0.000000 0.998917 0.000000 -0.046520 0.402114 0.402114 0.402114
866.579956 0.000000 1439.271729 0.000000 0.025298 0.000000 -0.999680 0.476396 0.476396 0.476396
882.780090 0.000000 1436.015869 0.000000 0.271740 0.000000 -0.962371 0.474394 0.474394 0.474394
860.999451 0.000000 1446.058472 0.000000 0.468684 0.000000 0.883366 0.391348 0.391348 0.391348
855.721558 0.000000 1443.731323 0.000000 0.082136 0.000000 -0.996621 0.484731 0.484731 0.484731
854.112183 0.000000 1445.623169 0.000000 0.426911 0.000000 0.904294 0.335131 0.335131 0.335131
838.597229 0.000000 1449.684937 0.000000 0.589357 0.000000 -0.807872 0.440387 0.440387 0.440387
837.849976 0.000000 1442.097778 0.000000 0.963253 0.000000 -0.268597 0.415615 0.415615 0.415615
862.800903 0.000000 1444.429932 0.000000 0.377126 0.000000 -0.926162 0.465627 0.465627 0.465627
857.321838 0.000000 1448.658203 0.000000 0.992949 0.000000 0.118543 0.393177 0.393177 0.393177
888.666443 0.000000 1446.034668 0.000000 0.413971 0.000000 0.910290 0.382864 0.382864 0.382864
884.558655 0.000000 1447.499634 0.000000 0.199956 0.000000 -0.979805 0.429403 0.429403 0.429403
868.191528 0.000000 1449.457275 0.000000 0.566216 0.000000 -0.824257 0.421286 0.421286 0.421286
875.153320 0.000000 1446.453613 0.000000 0.709592 0.000000 -0.704613 0.423424 0.423424 0.423424
867.203247 0.000000 1446.745483 0.000000 0.897995 0.000000 -0.440005 0.417289 0.417289 0.417289
887.713745 0.000000 1443.731323 0.000000 0.996745 0.000000 0.080616 0.396817 0.396817 0.396817
886.104370 0.000000 1445.623169 0.000000 0.976844 0.000000 -0.213951 0.412381 0.412381 0.412381
883.905334 0.000000 1445.311523 0.000000 0.734206 0.000000 -0.678927 0.442853 0.442853 0.442853
599.996582 0.000000 1546.217896 0.000000 0.995647 0.000000 0.093200 0.399860 0.399860 0.399860
605.061951 0.000000 1542.011597 0.000000 0.182647 0.000000 0.983179 0.386148 0.386148 0.386148
599.144165 0.000000 1543.911987 0.000000 0.978376 0.000000 -0.206836 0.415084 0.415084 0.415084
598.174683 0.000000 1541.576294 0.000000 0.767127 0.000000 0.641496 0.363835 0.363835 0.363835
601.384338 0.000000 1544.611328 0.000000 0.848138 0.000000 -0.529775 0.432060 0.432060 0.432060
622.237732 0.000000 1542.902222 0.000000 0.887172 0.000000 0.461439 0.388745 0.388745 0.388745
615.535034 0.000000 1555.574463 0.000000 0.608279 0.000000 -0.793723 0.459059 0.459059 0.459059
622.664307 0.000000 1544.953491 0.000000 0.060114 0.000000 0.998191 0.313258 0.313258 0.313258
698.275757 0.000000 1538.899170 0.000000 0.973972 0.000000 -0.226670 0.405138 0.405138 0.405138
704.016907 0.000000 1536.894409 0.000000 0.269868 0.000000 0.962897 0.385099 0.385099 0.385099
"}
