object={
	name="tree_sakura_02_generator_0"
	render_pass=Map
	clamp_to_water_level=no
	generated_content=yes
	layer="tree_high_layer"
	pdxmesh="tree_sakura_02_mesh"
	count=206
	transform="1020.075317 0.000000 505.936096 0.000000 0.376463 0.000000 -0.926432 1.000000 1.000000 1.000000
46.175663 0.000000 995.345459 0.000000 0.466069 0.000000 -0.884748 1.000000 1.000000 1.000000
43.733334 0.000000 994.164856 0.000000 0.455778 0.000000 0.890094 1.000000 1.000000 1.000000
162.741821 0.000000 1020.786438 0.000000 0.998502 0.000000 0.054707 1.000000 1.000000 1.000000
160.012527 0.000000 1022.044006 0.000000 0.951758 0.000000 -0.306850 1.000000 1.000000 1.000000
165.141479 0.000000 1022.357117 0.000000 0.736508 0.000000 -0.676429 1.000000 1.000000 1.000000
162.751862 0.000000 1023.474854 0.000000 0.581793 0.000000 0.813337 1.000000 1.000000 1.000000
412.223724 0.000000 1017.686096 0.000000 0.917536 0.000000 -0.397653 1.000000 1.000000 1.000000
416.886780 0.000000 1013.015564 0.000000 0.786890 0.000000 0.617093 1.000000 1.000000 1.000000
419.981781 0.000000 1006.173340 0.000000 0.919736 0.000000 -0.392538 1.000000 1.000000 1.000000
416.255920 0.000000 1008.593506 0.000000 0.997349 0.000000 -0.072767 1.000000 1.000000 1.000000
997.450134 0.000000 512.141541 0.000000 0.882520 0.000000 -0.470274 1.000000 1.000000 1.000000
1000.292053 0.000000 520.455383 0.000000 0.974175 0.000000 -0.225793 1.000000 1.000000 1.000000
1008.651917 0.000000 522.202271 0.000000 0.633052 0.000000 -0.774110 1.000000 1.000000 1.000000
996.597107 0.000000 516.869995 0.000000 0.113971 0.000000 0.993484 1.000000 1.000000 1.000000
1004.265747 0.000000 522.912231 0.000000 0.190444 0.000000 0.981698 1.000000 1.000000 1.000000
1006.143982 0.000000 519.402222 0.000000 0.338724 0.000000 0.940886 1.000000 1.000000 1.000000
999.128784 0.000000 517.329712 0.000000 0.535956 0.000000 -0.844246 1.000000 1.000000 1.000000
1004.400696 0.000000 520.722778 0.000000 0.989577 0.000000 -0.144006 1.000000 1.000000 1.000000
1002.148621 0.000000 520.668335 0.000000 0.158016 0.000000 -0.987436 1.000000 1.000000 1.000000
1016.936707 0.000000 637.892029 0.000000 0.924785 0.000000 -0.380490 1.000000 1.000000 1.000000
1025.878906 0.000000 503.440002 0.000000 0.881454 0.000000 -0.472269 1.000000 1.000000 1.000000
1173.209961 0.000000 483.736420 0.000000 0.714463 0.000000 -0.699673 1.000000 1.000000 1.000000
1175.643433 0.000000 484.200134 0.000000 0.967750 0.000000 -0.251914 1.000000 1.000000 1.000000
1174.034058 0.000000 486.091919 0.000000 0.650319 0.000000 -0.759661 1.000000 1.000000 1.000000
1195.196167 0.000000 495.476868 0.000000 0.007907 0.000000 -0.999969 1.000000 1.000000 1.000000
1192.245117 0.000000 488.471008 0.000000 0.144069 0.000000 -0.989568 1.000000 1.000000 1.000000
1196.218872 0.000000 490.927856 0.000000 0.997151 0.000000 0.075426 1.000000 1.000000 1.000000
1194.462769 0.000000 492.893494 0.000000 0.859731 0.000000 -0.510747 1.000000 1.000000 1.000000
1319.781738 0.000000 397.102051 0.000000 0.905873 0.000000 0.423550 1.000000 1.000000 1.000000
1318.480103 0.000000 394.200531 0.000000 0.875726 0.000000 -0.482808 1.000000 1.000000 1.000000
1027.833374 0.000000 526.407715 0.000000 0.855564 0.000000 0.517698 1.000000 1.000000 1.000000
1024.922852 0.000000 522.035522 0.000000 0.901520 0.000000 0.432737 1.000000 1.000000 1.000000
1075.901855 0.000000 574.695251 0.000000 0.081151 0.000000 0.996702 1.000000 1.000000 1.000000
1079.026978 0.000000 584.380737 0.000000 0.996039 0.000000 0.088918 1.000000 1.000000 1.000000
1031.852051 0.000000 620.992676 0.000000 0.902925 0.000000 -0.429799 1.000000 1.000000 1.000000
1028.152466 0.000000 617.863525 0.000000 0.092809 0.000000 -0.995684 1.000000 1.000000 1.000000
1030.550415 0.000000 618.091187 0.000000 0.923453 0.000000 -0.383712 1.000000 1.000000 1.000000
1200.604980 0.000000 554.186646 0.000000 0.982360 0.000000 0.187001 1.000000 1.000000 1.000000
1239.840332 0.000000 618.670959 0.000000 0.985913 0.000000 -0.167261 1.000000 1.000000 1.000000
1235.665894 0.000000 620.490845 0.000000 0.139188 0.000000 -0.990266 1.000000 1.000000 1.000000
1237.305420 0.000000 618.589172 0.000000 0.625913 0.000000 -0.779893 1.000000 1.000000 1.000000
1234.945435 0.000000 618.036194 0.000000 0.747764 0.000000 -0.663965 1.000000 1.000000 1.000000
1366.614868 0.000000 565.378906 0.000000 0.003131 0.000000 -0.999995 1.000000 1.000000 1.000000
1366.278198 0.000000 561.924011 0.000000 0.999588 0.000000 -0.028703 1.000000 1.000000 1.000000
1367.757080 0.000000 563.453308 0.000000 0.505114 0.000000 -0.863053 1.000000 1.000000 1.000000
1381.356445 0.000000 544.125916 0.000000 0.030341 0.000000 -0.999540 1.000000 1.000000 1.000000
1335.816895 0.000000 586.686584 0.000000 0.012571 0.000000 -0.999921 1.000000 1.000000 1.000000
1334.746826 0.000000 590.857361 0.000000 0.969901 0.000000 0.243499 1.000000 1.000000 1.000000
1367.809082 0.000000 586.686584 0.000000 0.090174 0.000000 -0.995926 1.000000 1.000000 1.000000
1366.739014 0.000000 590.857361 0.000000 0.998775 0.000000 0.049482 1.000000 1.000000 1.000000
1365.274170 0.000000 586.604797 0.000000 0.473511 0.000000 0.880788 1.000000 1.000000 1.000000
1366.380737 0.000000 588.649658 0.000000 0.184166 0.000000 -0.982895 1.000000 1.000000 1.000000
1408.644653 0.000000 725.156189 0.000000 0.023887 0.000000 -0.999715 1.000000 1.000000 1.000000
1191.501709 0.000000 976.000854 0.000000 0.736381 0.000000 -0.676567 1.000000 1.000000 1.000000
1163.203979 0.000000 1007.226868 0.000000 0.923367 0.000000 0.383919 1.000000 1.000000 1.000000
1164.226685 0.000000 1002.677856 0.000000 0.999185 0.000000 -0.040358 1.000000 1.000000 1.000000
1164.811646 0.000000 1005.430969 0.000000 0.080225 0.000000 0.996777 1.000000 1.000000 1.000000
62.264729 0.000000 1053.853027 0.000000 0.632432 0.000000 0.774616 1.000000 1.000000 1.000000
62.812805 0.000000 1055.887695 0.000000 0.320715 0.000000 -0.947176 1.000000 1.000000 1.000000
96.165359 0.000000 1121.097534 0.000000 0.077004 0.000000 -0.997031 1.000000 1.000000 1.000000
99.372696 0.000000 1121.794678 0.000000 0.729803 0.000000 -0.683657 1.000000 1.000000 1.000000
98.063179 0.000000 1120.078003 0.000000 0.620753 0.000000 -0.784006 1.000000 1.000000 1.000000
165.653259 0.000000 1023.891541 0.000000 0.900792 0.000000 0.434250 1.000000 1.000000 1.000000
138.450439 0.000000 1085.000244 0.000000 0.996168 0.000000 -0.087461 1.000000 1.000000 1.000000
202.434814 0.000000 1053.015869 0.000000 0.561339 0.000000 0.827586 1.000000 1.000000 1.000000
207.608200 0.000000 1051.459961 0.000000 0.999973 0.000000 -0.007296 1.000000 1.000000 1.000000
203.787018 0.000000 1048.701416 0.000000 0.372971 0.000000 -0.927843 1.000000 1.000000 1.000000
204.803635 0.000000 1051.389038 0.000000 0.378754 0.000000 -0.925497 1.000000 1.000000 1.000000
209.499908 0.000000 1068.284790 0.000000 0.935502 0.000000 0.353322 1.000000 1.000000 1.000000
157.171341 0.000000 1190.183472 0.000000 0.305576 0.000000 0.952168 1.000000 1.000000 1.000000
235.686462 0.000000 1186.071045 0.000000 0.944369 0.000000 0.328887 1.000000 1.000000 1.000000
136.502975 0.000000 1224.111694 0.000000 0.865597 0.000000 0.500741 1.000000 1.000000 1.000000
382.139893 0.000000 1077.383301 0.000000 0.838371 0.000000 -0.545101 1.000000 1.000000 1.000000
380.746094 0.000000 1079.325684 0.000000 0.647184 0.000000 0.762334 1.000000 1.000000 1.000000
266.419189 0.000000 1148.968994 0.000000 0.755686 0.000000 -0.654934 1.000000 1.000000 1.000000
256.053375 0.000000 1131.888306 0.000000 0.191938 0.000000 0.981407 1.000000 1.000000 1.000000
260.339966 0.000000 1129.613525 0.000000 0.999976 0.000000 -0.006957 1.000000 1.000000 1.000000
399.253448 0.000000 1047.827271 0.000000 0.888241 0.000000 0.459378 1.000000 1.000000 1.000000
397.031036 0.000000 1046.686646 0.000000 0.843621 0.000000 -0.536940 1.000000 1.000000 1.000000
416.014313 0.000000 1035.935181 0.000000 0.881733 0.000000 0.471749 1.000000 1.000000 1.000000
418.579102 0.000000 1035.659180 0.000000 0.766719 0.000000 -0.641983 1.000000 1.000000 1.000000
418.644714 0.000000 1032.657715 0.000000 0.984804 0.000000 0.173667 1.000000 1.000000 1.000000
480.871155 0.000000 1045.000000 0.000000 0.942945 0.000000 -0.332949 1.000000 1.000000 1.000000
485.568634 0.000000 1042.398804 0.000000 0.381687 0.000000 -0.924292 1.000000 1.000000 1.000000
484.011139 0.000000 1045.240479 0.000000 0.290410 0.000000 0.956902 1.000000 1.000000 1.000000
482.509338 0.000000 1042.510742 0.000000 0.038128 0.000000 -0.999273 1.000000 1.000000 1.000000
430.081909 0.000000 1091.298584 0.000000 0.186270 0.000000 0.982499 1.000000 1.000000 1.000000
430.650543 0.000000 1088.328613 0.000000 0.614057 0.000000 0.789262 1.000000 1.000000 1.000000
367.380676 0.000000 1229.531494 0.000000 0.538428 0.000000 -0.842671 1.000000 1.000000 1.000000
189.592834 0.000000 1292.667236 0.000000 0.372901 0.000000 0.927871 1.000000 1.000000 1.000000
985.611877 0.000000 1073.896362 0.000000 0.193489 0.000000 -0.981102 1.000000 1.000000 1.000000
990.397583 0.000000 1073.555176 0.000000 0.920207 0.000000 -0.391431 1.000000 1.000000 1.000000
988.110046 0.000000 1075.277100 0.000000 0.836769 0.000000 0.547557 1.000000 1.000000 1.000000
1069.225098 0.000000 1076.381470 0.000000 0.425539 0.000000 0.904940 1.000000 1.000000 1.000000
1065.553589 0.000000 1074.588745 0.000000 0.878324 0.000000 -0.478066 1.000000 1.000000 1.000000
1066.773193 0.000000 1077.789795 0.000000 0.059314 0.000000 0.998239 1.000000 1.000000 1.000000
1068.443970 0.000000 1073.844482 0.000000 0.817288 0.000000 0.576230 1.000000 1.000000 1.000000
1099.219604 0.000000 1039.211304 0.000000 0.975499 0.000000 0.220004 1.000000 1.000000 1.000000
1101.917847 0.000000 1027.329834 0.000000 0.373062 0.000000 0.927806 1.000000 1.000000 1.000000
1032.284180 0.000000 1128.158569 0.000000 0.488666 0.000000 0.872471 1.000000 1.000000 1.000000
1031.969604 0.000000 1142.126221 0.000000 0.115805 0.000000 -0.993272 1.000000 1.000000 1.000000
1029.435791 0.000000 1138.351929 0.000000 0.985236 0.000000 -0.171201 1.000000 1.000000 1.000000
1068.250122 0.000000 1130.615356 0.000000 0.658652 0.000000 0.752447 1.000000 1.000000 1.000000
1066.494019 0.000000 1132.580933 0.000000 0.655708 0.000000 -0.755015 1.000000 1.000000 1.000000
1095.836426 0.000000 1132.742676 0.000000 0.902870 0.000000 0.429913 1.000000 1.000000 1.000000
1095.525146 0.000000 1135.922729 0.000000 0.377230 0.000000 0.926120 1.000000 1.000000 1.000000
1094.036865 0.000000 1134.265503 0.000000 0.612023 0.000000 0.790840 1.000000 1.000000 1.000000
1205.202148 0.000000 1027.470825 0.000000 0.978794 0.000000 0.204849 1.000000 1.000000 1.000000
1201.471558 0.000000 1029.069580 0.000000 0.184570 0.000000 0.982819 1.000000 1.000000 1.000000
1204.427124 0.000000 1024.533569 0.000000 0.456427 0.000000 0.889761 1.000000 1.000000 1.000000
1202.423584 0.000000 1026.369751 0.000000 0.937602 0.000000 0.347711 1.000000 1.000000 1.000000
1200.057983 0.000000 1026.520264 0.000000 0.156959 0.000000 -0.987605 1.000000 1.000000 1.000000
1203.827271 0.000000 1029.514648 0.000000 0.956820 0.000000 0.290681 1.000000 1.000000 1.000000
1261.178223 0.000000 1044.397095 0.000000 0.097235 0.000000 0.995261 1.000000 1.000000 1.000000
1252.875854 0.000000 1054.341553 0.000000 0.986304 0.000000 -0.164938 1.000000 1.000000 1.000000
1250.151245 0.000000 1050.203735 0.000000 0.864570 0.000000 0.502512 1.000000 1.000000 1.000000
1257.580933 0.000000 1047.662720 0.000000 0.996178 0.000000 -0.087344 1.000000 1.000000 1.000000
1253.387695 0.000000 1055.875977 0.000000 0.119287 0.000000 -0.992860 1.000000 1.000000 1.000000
1276.897949 0.000000 1126.214722 0.000000 0.780446 0.000000 0.625223 1.000000 1.000000 1.000000
1412.058716 0.000000 1065.644775 0.000000 0.808789 0.000000 0.588098 1.000000 1.000000 1.000000
1410.336914 0.000000 1067.643555 0.000000 0.536103 0.000000 -0.844153 1.000000 1.000000 1.000000
1413.241699 0.000000 1068.015869 0.000000 0.964350 0.000000 0.264628 1.000000 1.000000 1.000000
1411.052368 0.000000 1121.794678 0.000000 0.128745 0.000000 0.991678 1.000000 1.000000 1.000000
1413.709351 0.000000 1122.254028 0.000000 0.999997 0.000000 -0.002475 1.000000 1.000000 1.000000
1500.472656 0.000000 1175.278809 0.000000 0.042073 0.000000 0.999115 1.000000 1.000000 1.000000
1549.808472 0.000000 1123.282959 0.000000 0.793743 0.000000 -0.608253 1.000000 1.000000 1.000000
1550.377075 0.000000 1120.312988 0.000000 0.313564 0.000000 0.949567 1.000000 1.000000 1.000000
1551.880737 0.000000 1120.099609 0.000000 0.254154 0.000000 -0.967164 1.000000 1.000000 1.000000
2803.479980 0.000000 542.710876 0.000000 0.903670 0.000000 0.428231 1.000000 1.000000 1.000000
3030.083740 0.000000 569.955383 0.000000 0.951432 0.000000 0.307858 1.000000 1.000000 1.000000
3026.738525 0.000000 569.921997 0.000000 0.066120 0.000000 0.997812 1.000000 1.000000 1.000000
2876.936523 0.000000 652.979797 0.000000 0.690542 0.000000 -0.723293 1.000000 1.000000 1.000000
2874.062012 0.000000 654.794373 0.000000 0.987440 0.000000 -0.157993 1.000000 1.000000 1.000000
2873.528320 0.000000 652.234680 0.000000 0.978088 0.000000 0.208190 1.000000 1.000000 1.000000
2951.303223 0.000000 675.447327 0.000000 0.986051 0.000000 -0.166441 1.000000 1.000000 1.000000
2611.526855 0.000000 1022.476501 0.000000 0.016199 0.000000 0.999869 1.000000 1.000000 1.000000
2614.185303 0.000000 1017.736633 0.000000 0.622827 0.000000 0.782360 1.000000 1.000000 1.000000
2610.840088 0.000000 1017.703247 0.000000 0.999994 0.000000 0.003397 1.000000 1.000000 1.000000
2610.358154 0.000000 1020.219055 0.000000 0.906336 0.000000 -0.422557 1.000000 1.000000 1.000000
2612.212402 0.000000 1019.288818 0.000000 0.709264 0.000000 0.704943 1.000000 1.000000 1.000000
2718.424316 0.000000 985.067871 0.000000 0.294531 0.000000 -0.955642 1.000000 1.000000 1.000000
2723.616455 0.000000 984.458984 0.000000 0.770940 0.000000 0.636908 1.000000 1.000000 1.000000
2719.586914 0.000000 985.083069 0.000000 0.929567 0.000000 -0.368654 1.000000 1.000000 1.000000
2734.990967 0.000000 1019.475586 0.000000 0.692643 0.000000 0.721281 1.000000 1.000000 1.000000
3195.543945 0.000000 569.904846 0.000000 0.451082 0.000000 0.892483 1.000000 1.000000 1.000000
3192.405518 0.000000 573.923279 0.000000 0.651768 0.000000 -0.758418 1.000000 1.000000 1.000000
3193.561035 0.000000 566.888000 0.000000 0.819968 0.000000 -0.572410 1.000000 1.000000 1.000000
3192.812256 0.000000 571.010315 0.000000 0.440966 0.000000 0.897524 1.000000 1.000000 1.000000
3085.433594 0.000000 579.548584 0.000000 0.378830 0.000000 0.925466 1.000000 1.000000 1.000000
3306.680664 0.000000 559.445618 0.000000 0.797111 0.000000 -0.603833 1.000000 1.000000 1.000000
2669.535156 0.000000 1027.329834 0.000000 0.977803 0.000000 0.209525 1.000000 1.000000 1.000000
2670.103760 0.000000 1024.359863 0.000000 0.998573 0.000000 0.053399 1.000000 1.000000 1.000000
2671.698730 0.000000 1026.520264 0.000000 0.996088 0.000000 0.088366 1.000000 1.000000 1.000000
2670.889893 0.000000 1029.203369 0.000000 0.665857 0.000000 -0.746079 1.000000 1.000000 1.000000
2669.015869 0.000000 1029.443481 0.000000 0.811093 0.000000 0.584917 1.000000 1.000000 1.000000
2635.867188 0.000000 1098.630981 0.000000 0.952573 0.000000 -0.304312 1.000000 1.000000 1.000000
2666.836914 0.000000 1103.180054 0.000000 0.177760 0.000000 0.984074 1.000000 1.000000 1.000000
2669.737793 0.000000 1095.120972 0.000000 0.920160 0.000000 0.391542 1.000000 1.000000 1.000000
2627.761963 0.000000 1129.613525 0.000000 0.792037 0.000000 0.610474 1.000000 1.000000 1.000000
2626.040039 0.000000 1131.612305 0.000000 0.999510 0.000000 0.031299 1.000000 1.000000 1.000000
2628.944824 0.000000 1131.984619 0.000000 0.200587 0.000000 0.979676 1.000000 1.000000 1.000000
2681.686035 0.000000 1142.606689 0.000000 0.759561 0.000000 -0.650436 1.000000 1.000000 1.000000
2717.616211 0.000000 1053.853027 0.000000 0.843190 0.000000 0.537616 1.000000 1.000000 1.000000
2712.522705 0.000000 1053.688843 0.000000 0.922329 0.000000 -0.386406 1.000000 1.000000 1.000000
2715.168213 0.000000 1052.368164 0.000000 0.873671 0.000000 -0.486517 1.000000 1.000000 1.000000
2714.335938 0.000000 1054.525635 0.000000 0.497601 0.000000 -0.867406 1.000000 1.000000 1.000000
2749.608398 0.000000 1053.853027 0.000000 0.868400 0.000000 0.495865 1.000000 1.000000 1.000000
2750.416504 0.000000 1049.036621 0.000000 0.898273 0.000000 -0.439437 1.000000 1.000000 1.000000
2751.012207 0.000000 1051.527954 0.000000 0.483832 0.000000 0.875161 1.000000 1.000000 1.000000
2714.867920 0.000000 1055.860596 0.000000 0.942279 0.000000 0.334830 1.000000 1.000000 1.000000
2695.877930 0.000000 1064.189819 0.000000 0.986130 0.000000 -0.165974 1.000000 1.000000 1.000000
2698.708008 0.000000 1062.641113 0.000000 0.180493 0.000000 0.983576 1.000000 1.000000 1.000000
2694.144043 0.000000 1065.872437 0.000000 0.864309 0.000000 0.502962 1.000000 1.000000 1.000000
2699.488770 0.000000 1060.443481 0.000000 0.882108 0.000000 0.471047 1.000000 1.000000 1.000000
2696.531982 0.000000 1062.135376 0.000000 0.857651 0.000000 0.514233 1.000000 1.000000 1.000000
2723.419189 0.000000 1070.142090 0.000000 0.761986 0.000000 0.647594 1.000000 1.000000 1.000000
2727.126709 0.000000 1071.953979 0.000000 0.932903 0.000000 0.360127 1.000000 1.000000 1.000000
2751.579102 0.000000 1049.051758 0.000000 0.984213 0.000000 0.176987 1.000000 1.000000 1.000000
2751.978516 0.000000 1051.765991 0.000000 0.042643 0.000000 0.999090 1.000000 1.000000 1.000000
2611.330078 0.000000 1228.193970 0.000000 0.399848 0.000000 0.916581 1.000000 1.000000 1.000000
2608.914062 0.000000 1228.206665 0.000000 0.328323 0.000000 -0.944566 1.000000 1.000000 1.000000
2710.628418 0.000000 1192.083862 0.000000 0.515810 0.000000 0.856703 1.000000 1.000000 1.000000
2729.147461 0.000000 1202.526245 0.000000 0.380889 0.000000 -0.924621 1.000000 1.000000 1.000000
2816.300781 0.000000 1108.968750 0.000000 0.608518 0.000000 0.793540 1.000000 1.000000 1.000000
2844.515137 0.000000 1094.230347 0.000000 0.968505 0.000000 -0.248994 1.000000 1.000000 1.000000
2840.189941 0.000000 1094.206543 0.000000 0.722197 0.000000 0.691687 1.000000 1.000000 1.000000
2817.768311 0.000000 1114.172485 0.000000 0.775887 0.000000 -0.630871 1.000000 1.000000 1.000000
2817.441406 0.000000 1111.143188 0.000000 0.676148 0.000000 0.736766 1.000000 1.000000 1.000000
2949.994385 0.000000 1083.701416 0.000000 0.042198 0.000000 0.999109 1.000000 1.000000 1.000000
3021.449219 0.000000 1123.282959 0.000000 0.297253 0.000000 0.954799 1.000000 1.000000 1.000000
3017.085693 0.000000 1123.962280 0.000000 0.402574 0.000000 0.915388 1.000000 1.000000 1.000000
2929.888672 0.000000 1270.343384 0.000000 0.979005 0.000000 -0.203836 1.000000 1.000000 1.000000
3051.765625 0.000000 1162.599731 0.000000 0.685795 0.000000 -0.727795 1.000000 1.000000 1.000000
3051.900635 0.000000 1160.410278 0.000000 0.998033 0.000000 -0.062695 1.000000 1.000000 1.000000
3089.849609 0.000000 1110.421509 0.000000 0.998139 0.000000 0.060986 1.000000 1.000000 1.000000
3099.567383 0.000000 1145.623657 0.000000 0.073807 0.000000 -0.997273 1.000000 1.000000 1.000000
3096.428955 0.000000 1149.641968 0.000000 0.737797 0.000000 -0.675023 1.000000 1.000000 1.000000
3076.835449 0.000000 1131.984619 0.000000 0.220172 0.000000 0.975461 1.000000 1.000000 1.000000
3078.050293 0.000000 1129.841187 0.000000 0.275449 0.000000 -0.961316 1.000000 1.000000 1.000000
3239.745117 0.000000 1032.205444 0.000000 0.693032 0.000000 0.720906 1.000000 1.000000 1.000000
3238.011230 0.000000 1033.888062 0.000000 0.986634 0.000000 0.162949 1.000000 1.000000 1.000000
3283.972656 0.000000 1063.687134 0.000000 0.984122 0.000000 0.177491 1.000000 1.000000 1.000000
3210.704102 0.000000 1135.164429 0.000000 0.028428 0.000000 0.999596 1.000000 1.000000 1.000000
3211.726562 0.000000 1130.615356 0.000000 0.840099 0.000000 -0.542433 1.000000 1.000000 1.000000
3098.774170 0.000000 1151.813721 0.000000 0.985266 0.000000 0.171032 1.000000 1.000000 1.000000
"}
