object={
	name="tree_sakura_03_generator_0"
	render_pass=Map
	clamp_to_water_level=no
	generated_content=yes
	layer="tree_high_layer"
	pdxmesh="tree_sakura_03_mesh"
	count=193
	transform="72.518600 0.000000 1000.221008 0.000000 0.283214 0.000000 -0.959057 1.000000 1.000000 1.000000
110.362747 0.000000 999.167847 0.000000 0.668432 0.000000 -0.743774 1.000000 1.000000 1.000000
402.505829 0.000000 1014.468445 0.000000 0.042122 0.000000 -0.999112 1.000000 1.000000 1.000000
406.724335 0.000000 1017.736633 0.000000 0.543739 0.000000 0.839255 1.000000 1.000000 1.000000
406.849243 0.000000 1013.160156 0.000000 0.649070 0.000000 0.760729 1.000000 1.000000 1.000000
403.379272 0.000000 1017.703247 0.000000 0.534471 0.000000 -0.845187 1.000000 1.000000 1.000000
405.209259 0.000000 1015.426819 0.000000 0.956636 0.000000 -0.291286 1.000000 1.000000 1.000000
404.584534 0.000000 1013.271667 0.000000 0.898004 0.000000 -0.439987 1.000000 1.000000 1.000000
406.598206 0.000000 1014.706543 0.000000 0.579296 0.000000 0.815117 1.000000 1.000000 1.000000
1175.855957 0.000000 490.733459 0.000000 0.754995 0.000000 0.655731 1.000000 1.000000 1.000000
1323.164917 0.000000 399.523743 0.000000 0.779709 0.000000 0.626142 1.000000 1.000000 1.000000
1320.213867 0.000000 392.517883 0.000000 0.758730 0.000000 -0.651406 1.000000 1.000000 1.000000
1322.431519 0.000000 396.940369 0.000000 0.504343 0.000000 -0.863503 1.000000 1.000000 1.000000
1321.618286 0.000000 394.548157 0.000000 0.835439 0.000000 -0.549584 1.000000 1.000000 1.000000
1354.153564 0.000000 509.281555 0.000000 0.799454 0.000000 -0.600728 1.000000 1.000000 1.000000
1369.518188 0.000000 498.177643 0.000000 0.992447 0.000000 -0.122671 1.000000 1.000000 1.000000
1359.326904 0.000000 507.725586 0.000000 0.075011 0.000000 0.997183 1.000000 1.000000 1.000000
1357.923950 0.000000 511.242767 0.000000 0.506949 0.000000 0.861976 1.000000 1.000000 1.000000
1356.522339 0.000000 507.654633 0.000000 0.135617 0.000000 0.990761 1.000000 1.000000 1.000000
1356.270142 0.000000 509.798737 0.000000 0.821547 0.000000 -0.570140 1.000000 1.000000 1.000000
1077.233398 0.000000 579.689514 0.000000 0.869302 0.000000 -0.494282 1.000000 1.000000 1.000000
1076.511719 0.000000 583.921509 0.000000 0.705161 0.000000 -0.709048 1.000000 1.000000 1.000000
1079.515381 0.000000 576.430908 0.000000 0.999826 0.000000 0.018658 1.000000 1.000000 1.000000
1079.666870 0.000000 580.153259 0.000000 0.830830 0.000000 0.556527 1.000000 1.000000 1.000000
1078.502441 0.000000 578.179504 0.000000 0.802954 0.000000 0.596042 1.000000 1.000000 1.000000
1033.570190 0.000000 612.212280 0.000000 0.992061 0.000000 -0.125760 1.000000 1.000000 1.000000
1033.688599 0.000000 618.438782 0.000000 0.989573 0.000000 -0.144034 1.000000 1.000000 1.000000
1069.225098 0.000000 628.600220 0.000000 0.999773 0.000000 0.021286 1.000000 1.000000 1.000000
1065.553589 0.000000 626.807495 0.000000 0.225971 0.000000 0.974134 1.000000 1.000000 1.000000
1071.097900 0.000000 625.602417 0.000000 0.669451 0.000000 0.742856 1.000000 1.000000 1.000000
1180.921387 0.000000 550.496033 0.000000 0.929844 0.000000 -0.367954 1.000000 1.000000 1.000000
1252.534668 0.000000 612.823120 0.000000 0.742052 0.000000 -0.670343 1.000000 1.000000 1.000000
1182.430542 0.000000 682.079956 0.000000 0.767934 0.000000 0.640529 1.000000 1.000000 1.000000
1184.462524 0.000000 679.596863 0.000000 0.066980 0.000000 -0.997754 1.000000 1.000000 1.000000
1304.564941 0.000000 518.487854 0.000000 0.289199 0.000000 -0.957269 1.000000 1.000000 1.000000
1306.444824 0.000000 558.841248 0.000000 0.092607 0.000000 -0.995703 1.000000 1.000000 1.000000
1354.459717 0.000000 511.925171 0.000000 0.741873 0.000000 0.670540 1.000000 1.000000 1.000000
1369.518188 0.000000 562.146362 0.000000 0.656022 0.000000 0.754742 1.000000 1.000000 1.000000
1334.286011 0.000000 593.908386 0.000000 0.909994 0.000000 0.414621 1.000000 1.000000 1.000000
1374.676636 0.000000 622.649292 0.000000 0.911001 0.000000 0.412405 1.000000 1.000000 1.000000
1376.021484 0.000000 624.781006 0.000000 0.543057 0.000000 0.839696 1.000000 1.000000 1.000000
1432.835083 0.000000 605.907654 0.000000 0.831634 0.000000 -0.555324 1.000000 1.000000 1.000000
1408.817383 0.000000 612.431396 0.000000 0.907699 0.000000 0.419621 1.000000 1.000000 1.000000
1295.342529 0.000000 667.647461 0.000000 0.040698 0.000000 -0.999171 1.000000 1.000000 1.000000
1164.420532 0.000000 1009.875793 0.000000 0.944139 0.000000 -0.329548 1.000000 1.000000 1.000000
110.160034 0.000000 1027.329834 0.000000 0.960325 0.000000 -0.278884 1.000000 1.000000 1.000000
110.362747 0.000000 1031.152222 0.000000 0.408123 0.000000 0.912927 1.000000 1.000000 1.000000
111.514870 0.000000 1029.203369 0.000000 0.987406 0.000000 0.158209 1.000000 1.000000 1.000000
64.173172 0.000000 1057.128784 0.000000 0.381052 0.000000 -0.924554 1.000000 1.000000 1.000000
160.149734 0.000000 1025.144409 0.000000 0.716637 0.000000 -0.697446 1.000000 1.000000 1.000000
163.357071 0.000000 1025.841553 0.000000 0.998755 0.000000 0.049881 1.000000 1.000000 1.000000
162.047562 0.000000 1024.124878 0.000000 0.271022 0.000000 -0.962573 1.000000 1.000000 1.000000
192.704681 0.000000 1063.409302 0.000000 0.591069 0.000000 0.806621 1.000000 1.000000 1.000000
192.141922 0.000000 1057.128784 0.000000 0.935065 0.000000 0.354476 1.000000 1.000000 1.000000
204.461029 0.000000 1066.646606 0.000000 0.931546 0.000000 0.363623 1.000000 1.000000 1.000000
206.737961 0.000000 1067.296997 0.000000 0.685673 0.000000 0.727909 1.000000 1.000000 1.000000
196.233536 0.000000 1144.380859 0.000000 0.927481 0.000000 -0.373871 1.000000 1.000000 1.000000
198.666336 0.000000 1147.670166 0.000000 0.576731 0.000000 0.816934 1.000000 1.000000 1.000000
195.349258 0.000000 1121.794678 0.000000 0.843939 0.000000 -0.536439 1.000000 1.000000 1.000000
198.944275 0.000000 1144.276489 0.000000 0.994172 0.000000 0.107807 1.000000 1.000000 1.000000
194.899033 0.000000 1123.398315 0.000000 0.908265 0.000000 0.418396 1.000000 1.000000 1.000000
94.871895 0.000000 1191.653564 0.000000 0.870635 0.000000 -0.491930 1.000000 1.000000 1.000000
82.657501 0.000000 1231.966675 0.000000 0.987422 0.000000 -0.158108 1.000000 1.000000 1.000000
132.808075 0.000000 1220.526245 0.000000 0.654767 0.000000 0.755831 1.000000 1.000000 1.000000
133.899139 0.000000 1223.117310 0.000000 0.958839 0.000000 0.283950 1.000000 1.000000 1.000000
148.128387 0.000000 1278.351562 0.000000 0.998825 0.000000 0.048453 1.000000 1.000000 1.000000
150.786850 0.000000 1273.611694 0.000000 0.256178 0.000000 0.966630 1.000000 1.000000 1.000000
148.814087 0.000000 1275.163818 0.000000 0.864933 0.000000 -0.501887 1.000000 1.000000 1.000000
266.419189 0.000000 1053.015869 0.000000 0.817012 0.000000 0.576621 1.000000 1.000000 1.000000
264.124908 0.000000 1054.561279 0.000000 0.344183 0.000000 0.938903 1.000000 1.000000 1.000000
308.089325 0.000000 1054.460938 0.000000 0.031875 0.000000 -0.999492 1.000000 1.000000 1.000000
306.920715 0.000000 1052.203369 0.000000 0.344483 0.000000 -0.938793 1.000000 1.000000 1.000000
266.725281 0.000000 1055.659546 0.000000 0.845531 0.000000 0.533926 1.000000 1.000000 1.000000
360.133606 0.000000 1046.173096 0.000000 0.661496 0.000000 0.749949 1.000000 1.000000 1.000000
365.397003 0.000000 1044.397095 0.000000 0.947438 0.000000 0.319940 1.000000 1.000000 1.000000
350.147705 0.000000 1077.383301 0.000000 0.879144 0.000000 -0.476555 1.000000 1.000000 1.000000
346.256378 0.000000 1078.637939 0.000000 0.993273 0.000000 -0.115796 1.000000 1.000000 1.000000
348.266296 0.000000 1075.277100 0.000000 0.221094 0.000000 -0.975253 1.000000 1.000000 1.000000
348.753906 0.000000 1079.325684 0.000000 0.993708 0.000000 -0.112004 1.000000 1.000000 1.000000
351.713165 0.000000 1078.903442 0.000000 0.581138 0.000000 0.813805 1.000000 1.000000 1.000000
348.063354 0.000000 1077.357666 0.000000 0.152316 0.000000 0.988332 1.000000 1.000000 1.000000
278.755585 0.000000 1113.689819 0.000000 0.079392 0.000000 0.996843 1.000000 1.000000 1.000000
275.410522 0.000000 1113.656372 0.000000 0.276527 0.000000 -0.961006 1.000000 1.000000 1.000000
256.689056 0.000000 1127.378052 0.000000 0.998547 0.000000 0.053890 1.000000 1.000000 1.000000
259.351715 0.000000 1126.901733 0.000000 0.543333 0.000000 -0.839517 1.000000 1.000000 1.000000
344.059082 0.000000 1098.436646 0.000000 0.150006 0.000000 0.988685 1.000000 1.000000 1.000000
346.679260 0.000000 1102.575684 0.000000 0.524994 0.000000 -0.851106 1.000000 1.000000 1.000000
346.145416 0.000000 1100.015869 0.000000 0.489148 0.000000 0.872201 1.000000 1.000000 1.000000
344.870483 0.000000 1103.806885 0.000000 0.471378 0.000000 0.881931 1.000000 1.000000 1.000000
394.387939 0.000000 1053.015869 0.000000 0.778732 0.000000 -0.627356 1.000000 1.000000 1.000000
399.561340 0.000000 1051.459961 0.000000 0.328537 0.000000 0.944491 1.000000 1.000000 1.000000
396.756775 0.000000 1051.389038 0.000000 0.499239 0.000000 -0.866464 1.000000 1.000000 1.000000
401.120331 0.000000 1049.490845 0.000000 0.517711 0.000000 -0.855556 1.000000 1.000000 1.000000
421.828827 0.000000 1031.211060 0.000000 0.658069 0.000000 -0.752958 1.000000 1.000000 1.000000
471.663818 0.000000 1056.196533 0.000000 0.999311 0.000000 0.037119 1.000000 1.000000 1.000000
186.295425 0.000000 1302.528564 0.000000 0.116400 0.000000 0.993202 1.000000 1.000000 1.000000
957.405334 0.000000 1068.776611 0.000000 0.832335 0.000000 0.554272 1.000000 1.000000 1.000000
954.530823 0.000000 1070.591309 0.000000 0.781405 0.000000 -0.624024 1.000000 1.000000 1.000000
956.922424 0.000000 1071.474121 0.000000 0.171234 0.000000 -0.985230 1.000000 1.000000 1.000000
973.549988 0.000000 1103.589111 0.000000 0.054504 0.000000 -0.998514 1.000000 1.000000 1.000000
1077.233398 0.000000 1027.470825 0.000000 0.971252 0.000000 0.238054 1.000000 1.000000 1.000000
1079.515381 0.000000 1024.212158 0.000000 0.903584 0.000000 0.428411 1.000000 1.000000 1.000000
1076.458374 0.000000 1024.533569 0.000000 0.619284 0.000000 0.785167 1.000000 1.000000 1.000000
1033.561401 0.000000 1138.557495 0.000000 0.992142 0.000000 0.125114 1.000000 1.000000 1.000000
1035.114258 0.000000 1126.609863 0.000000 0.980487 0.000000 -0.196583 1.000000 1.000000 1.000000
1095.953979 0.000000 1110.141846 0.000000 0.916589 0.000000 0.399831 1.000000 1.000000 1.000000
1105.494995 0.000000 1093.038330 0.000000 0.916973 0.000000 0.398949 1.000000 1.000000 1.000000
1131.211792 0.000000 1103.180054 0.000000 0.010295 0.000000 0.999947 1.000000 1.000000 1.000000
1132.234497 0.000000 1098.630981 0.000000 0.910182 0.000000 0.414209 1.000000 1.000000 1.000000
1181.991333 0.000000 1053.853027 0.000000 0.501256 0.000000 -0.865299 1.000000 1.000000 1.000000
1255.914917 0.000000 1046.173096 0.000000 0.800033 0.000000 0.599956 1.000000 1.000000 1.000000
1227.188354 0.000000 1071.195679 0.000000 0.970851 0.000000 0.239683 1.000000 1.000000 1.000000
1277.327148 0.000000 1132.745361 0.000000 0.588509 0.000000 0.808491 1.000000 1.000000 1.000000
1252.534668 0.000000 1124.573120 0.000000 0.785266 0.000000 0.619158 1.000000 1.000000 1.000000
1251.091431 0.000000 1121.794678 0.000000 0.988559 0.000000 -0.150836 1.000000 1.000000 1.000000
1389.847534 0.000000 1059.314209 0.000000 0.983879 0.000000 -0.178836 1.000000 1.000000 1.000000
1375.852905 0.000000 1057.128784 0.000000 0.400200 0.000000 0.916428 1.000000 1.000000 1.000000
1385.484253 0.000000 1059.993530 0.000000 0.942139 0.000000 0.335222 1.000000 1.000000 1.000000
1387.405151 0.000000 1058.133545 0.000000 0.739679 0.000000 -0.672960 1.000000 1.000000 1.000000
1387.809082 0.000000 1060.443481 0.000000 0.872004 0.000000 -0.489499 1.000000 1.000000 1.000000
1384.852295 0.000000 1062.135376 0.000000 0.968535 0.000000 0.248879 1.000000 1.000000 1.000000
1353.492065 0.000000 1091.977905 0.000000 0.946027 0.000000 0.324087 1.000000 1.000000 1.000000
1378.444946 0.000000 1116.739624 0.000000 0.238720 0.000000 0.971088 1.000000 1.000000 1.000000
1379.060181 0.000000 1121.794678 0.000000 0.211366 0.000000 -0.977407 1.000000 1.000000 1.000000
1410.437134 0.000000 1052.770874 0.000000 0.448127 0.000000 -0.893970 1.000000 1.000000 1.000000
1410.447144 0.000000 1055.459229 0.000000 0.544860 0.000000 -0.838527 1.000000 1.000000 1.000000
1413.348633 0.000000 1055.875977 0.000000 0.963123 0.000000 -0.269063 1.000000 1.000000 1.000000
1411.052368 0.000000 1057.825928 0.000000 0.356400 0.000000 -0.934334 1.000000 1.000000 1.000000
1440.400024 0.000000 1127.378052 0.000000 0.585289 0.000000 -0.810825 1.000000 1.000000 1.000000
1499.958130 0.000000 1177.608032 0.000000 0.957846 0.000000 0.287282 1.000000 1.000000 1.000000
1504.621216 0.000000 1172.937500 0.000000 0.572968 0.000000 0.819578 1.000000 1.000000 1.000000
1549.877075 0.000000 1118.945923 0.000000 0.904996 0.000000 -0.425419 1.000000 1.000000 1.000000
1640.135742 0.000000 1192.127319 0.000000 0.630846 0.000000 0.775908 1.000000 1.000000 1.000000
1644.109497 0.000000 1194.584106 0.000000 0.147242 0.000000 0.989100 1.000000 1.000000 1.000000
1642.353394 0.000000 1196.549683 0.000000 0.752569 0.000000 -0.658514 1.000000 1.000000 1.000000
2639.014404 0.000000 1019.475586 0.000000 0.595840 0.000000 0.803104 1.000000 1.000000 1.000000
2635.193359 0.000000 1016.716980 0.000000 0.994373 0.000000 -0.105931 1.000000 1.000000 1.000000
2684.983398 0.000000 1004.807922 0.000000 0.936785 0.000000 0.349905 1.000000 1.000000 1.000000
2685.983398 0.000000 1009.586426 0.000000 0.947150 0.000000 -0.320792 1.000000 1.000000 1.000000
2720.324219 0.000000 981.031189 0.000000 0.128082 0.000000 -0.991764 1.000000 1.000000 1.000000
2721.464844 0.000000 983.205627 0.000000 0.684318 0.000000 -0.729184 1.000000 1.000000 1.000000
2691.427002 0.000000 1006.173340 0.000000 0.935684 0.000000 0.352840 1.000000 1.000000 1.000000
2687.701172 0.000000 1008.593506 0.000000 0.537959 0.000000 0.842971 1.000000 1.000000 1.000000
2739.495605 0.000000 1022.476501 0.000000 0.931861 0.000000 -0.362815 1.000000 1.000000 1.000000
2736.460938 0.000000 1022.082764 0.000000 0.068828 0.000000 -0.997629 1.000000 1.000000 1.000000
3190.044678 0.000000 569.955383 0.000000 0.945495 0.000000 -0.325637 1.000000 1.000000 1.000000
3293.428955 0.000000 981.430176 0.000000 0.177119 0.000000 0.984190 1.000000 1.000000 1.000000
2678.169678 0.000000 1145.674194 0.000000 0.421826 0.000000 -0.906677 1.000000 1.000000 1.000000
2737.083252 0.000000 1023.779419 0.000000 0.862905 0.000000 0.505365 1.000000 1.000000 1.000000
2694.714600 0.000000 1061.064087 0.000000 0.099472 0.000000 -0.995040 1.000000 1.000000 1.000000
2725.021729 0.000000 1106.367554 0.000000 0.419274 0.000000 0.907860 1.000000 1.000000 1.000000
2775.465332 0.000000 1130.421021 0.000000 0.310258 0.000000 0.950653 1.000000 1.000000 1.000000
2670.818115 0.000000 1197.547119 0.000000 0.199978 0.000000 0.979800 1.000000 1.000000 1.000000
2668.444580 0.000000 1197.337158 0.000000 0.991824 0.000000 0.127610 1.000000 1.000000 1.000000
2669.135986 0.000000 1199.542236 0.000000 0.690489 0.000000 0.723343 1.000000 1.000000 1.000000
2611.526855 0.000000 1246.367188 0.000000 0.890803 0.000000 0.454389 1.000000 1.000000 1.000000
2745.182129 0.000000 1169.849487 0.000000 0.969623 0.000000 0.244603 1.000000 1.000000 1.000000
2698.095703 0.000000 1228.534058 0.000000 0.937041 0.000000 -0.349220 1.000000 1.000000 1.000000
2882.077881 0.000000 1148.723999 0.000000 0.282934 0.000000 -0.959139 1.000000 1.000000 1.000000
2958.936279 0.000000 1083.444336 0.000000 0.938437 0.000000 -0.345451 1.000000 1.000000 1.000000
2962.754150 0.000000 1081.671997 0.000000 0.888487 0.000000 -0.458903 1.000000 1.000000 1.000000
2960.495361 0.000000 1081.475220 0.000000 0.245970 0.000000 -0.969278 1.000000 1.000000 1.000000
3033.111816 0.000000 1073.896362 0.000000 0.006081 0.000000 -0.999982 1.000000 1.000000 1.000000
2972.483887 0.000000 1094.230347 0.000000 0.110557 0.000000 -0.993870 1.000000 1.000000 1.000000
2968.158691 0.000000 1094.206543 0.000000 0.993904 0.000000 -0.110248 1.000000 1.000000 1.000000
2970.335205 0.000000 1095.357910 0.000000 0.790928 0.000000 -0.611909 1.000000 1.000000 1.000000
2993.946533 0.000000 1136.013550 0.000000 0.978457 0.000000 -0.206449 1.000000 1.000000 1.000000
3040.009277 0.000000 1095.393677 0.000000 0.962084 0.000000 -0.272752 1.000000 1.000000 1.000000
3041.938477 0.000000 1099.627930 0.000000 0.596176 0.000000 -0.802853 1.000000 1.000000 1.000000
3040.430664 0.000000 1097.754272 0.000000 0.873695 0.000000 0.486473 1.000000 1.000000 1.000000
3018.053467 0.000000 1119.628296 0.000000 0.587301 0.000000 -0.809369 1.000000 1.000000 1.000000
2833.912109 0.000000 1206.374634 0.000000 0.105998 0.000000 0.994366 1.000000 1.000000 1.000000
2835.233154 0.000000 1203.135986 0.000000 0.147721 0.000000 -0.989029 1.000000 1.000000 1.000000
2835.990723 0.000000 1205.177979 0.000000 0.481570 0.000000 0.876408 1.000000 1.000000 1.000000
2935.426270 0.000000 1162.405396 0.000000 0.778338 0.000000 0.627846 1.000000 1.000000 1.000000
2941.514893 0.000000 1173.336426 0.000000 0.095118 0.000000 -0.995466 1.000000 1.000000 1.000000
2939.633545 0.000000 1171.230225 0.000000 0.380363 0.000000 -0.924837 1.000000 1.000000 1.000000
2937.512695 0.000000 1163.984619 0.000000 0.206965 0.000000 0.978348 1.000000 1.000000 1.000000
2932.891357 0.000000 1162.323486 0.000000 0.213749 0.000000 -0.976889 1.000000 1.000000 1.000000
2934.573730 0.000000 1160.099487 0.000000 0.941572 0.000000 0.336811 1.000000 1.000000 1.000000
2939.430420 0.000000 1173.310791 0.000000 0.289368 0.000000 -0.957218 1.000000 1.000000 1.000000
2833.912109 0.000000 1238.359009 0.000000 0.733787 0.000000 0.679379 1.000000 1.000000 1.000000
2815.669922 0.000000 1232.484131 0.000000 0.366636 0.000000 -0.930365 1.000000 1.000000 1.000000
2861.488281 0.000000 1251.220459 0.000000 0.066169 0.000000 -0.997808 1.000000 1.000000 1.000000
3068.406738 0.000000 1167.427246 0.000000 0.943731 0.000000 -0.330714 1.000000 1.000000 1.000000
3152.128418 0.000000 1129.905396 0.000000 0.783556 0.000000 0.621321 1.000000 1.000000 1.000000
3243.044922 0.000000 1144.654541 0.000000 0.898854 0.000000 0.438249 1.000000 1.000000 1.000000
3165.506836 0.000000 1181.790527 0.000000 0.999420 0.000000 -0.034041 1.000000 1.000000 1.000000
3160.111816 0.000000 1190.159668 0.000000 0.231910 0.000000 0.972737 1.000000 1.000000 1.000000
3161.674072 0.000000 1187.071045 0.000000 0.998037 0.000000 0.062630 1.000000 1.000000 1.000000
3072.238281 0.000000 1268.890625 0.000000 0.973305 0.000000 -0.229517 1.000000 1.000000 1.000000
3207.320801 0.000000 1164.727051 0.000000 0.470889 0.000000 -0.882192 1.000000 1.000000 1.000000
3207.009521 0.000000 1167.907104 0.000000 0.717741 0.000000 -0.696310 1.000000 1.000000 1.000000
"}
