object={
	name="tree_leaf_high_generator_2_0"
	render_pass=Map
	clamp_to_water_level=no
	generated_content=yes
	layer="tree_high_layer"
	pdxmesh="tree_leaf_01_b_mesh"
	count=6
	transform="822.747681 0.000000 245.535141 0.000000 0.850300 0.000000 -0.526299 0.410516 0.410516 0.410516
1955.651733 0.000000 1333.099854 0.000000 0.899173 0.000000 0.437593 0.387562 0.387562 0.387562
1955.606567 0.000000 1328.446167 0.000000 0.176642 0.000000 -0.984275 0.464000 0.464000 0.464000
3470.811279 0.000000 923.522461 0.000000 0.523354 0.000000 -0.852115 0.409677 0.409677 0.409677
3470.503418 0.000000 919.889832 0.000000 0.788189 0.000000 0.615434 0.331150 0.331150 0.331150
3240.250488 0.000000 1305.590454 0.000000 0.278580 0.000000 0.960413 0.277120 0.277120 0.277120
"}
