object={
	name="tree_pine_01_b_generator_1_0"
	render_pass=Map
	clamp_to_water_level=no
	generated_content=yes
	layer="tree_high_layer"
	pdxmesh="tree_pine_01_b_mesh"
	count=563
	transform="222.225662 0.000000 1181.790527 0.000000 0.997729 0.000000 -0.067363 0.400000 0.400000 0.400000
240.839386 0.000000 1193.874146 0.000000 0.966153 0.000000 0.257971 0.400000 0.400000 0.400000
212.112762 0.000000 1246.367188 0.000000 0.860428 0.000000 0.509572 0.400000 0.400000 0.400000
251.469437 0.000000 1215.782471 0.000000 0.940866 0.000000 -0.338778 0.400000 0.400000 0.400000
219.477249 0.000000 1247.766846 0.000000 0.782518 0.000000 -0.622628 0.400000 0.400000 0.400000
196.036469 0.000000 1262.048340 0.000000 0.856807 0.000000 -0.515638 0.400000 0.400000 0.400000
384.894592 0.000000 1108.968750 0.000000 0.864787 0.000000 0.502140 0.400000 0.400000 0.400000
402.579376 0.000000 1104.029175 0.000000 0.683174 0.000000 -0.730256 0.400000 0.400000 0.400000
398.089722 0.000000 1123.282959 0.000000 0.727300 0.000000 -0.686320 0.400000 0.400000 0.400000
328.456116 0.000000 1160.142944 0.000000 0.081497 0.000000 0.996674 0.400000 0.400000 0.400000
256.689056 0.000000 1255.315552 0.000000 0.212723 0.000000 0.977112 0.400000 0.400000 0.400000
260.776825 0.000000 1252.510620 0.000000 0.665805 0.000000 -0.746126 0.400000 0.400000 0.400000
312.066895 0.000000 1258.358521 0.000000 0.617622 0.000000 -0.786475 0.400000 0.400000 0.400000
216.090332 0.000000 1290.342896 0.000000 0.149397 0.000000 -0.988777 0.400000 0.400000 0.400000
253.147903 0.000000 1286.136597 0.000000 0.965930 0.000000 0.258805 0.400000 0.400000 0.400000
283.461609 0.000000 1439.673096 0.000000 0.415634 0.000000 -0.909532 0.400000 0.400000 0.400000
412.223724 0.000000 1433.483032 0.000000 0.138573 0.000000 -0.990352 0.400000 0.400000 0.400000
426.380127 0.000000 1468.812744 0.000000 0.123934 0.000000 -0.992290 0.400000 0.400000 0.400000
448.642181 0.000000 1447.221802 0.000000 0.976482 0.000000 0.215601 0.400000 0.400000 0.400000
448.006500 0.000000 1451.732056 0.000000 0.960716 0.000000 -0.277534 0.400000 0.400000 0.400000
478.522552 0.000000 1457.367676 0.000000 0.855659 0.000000 -0.517541 0.400000 0.400000 0.400000
409.752502 0.000000 1489.693237 0.000000 0.140330 0.000000 0.990105 0.400000 0.400000 0.400000
978.365234 0.000000 1270.343384 0.000000 0.449495 0.000000 0.893283 0.400000 0.400000 0.400000
576.048157 0.000000 1504.910034 0.000000 0.401453 0.000000 0.915879 0.400000 0.400000 0.400000
616.071106 0.000000 1525.938721 0.000000 0.874585 0.000000 -0.484872 0.400000 0.400000 0.400000
621.334534 0.000000 1524.162720 0.000000 0.578098 0.000000 0.815968 0.400000 0.400000 0.400000
638.483521 0.000000 1521.336426 0.000000 0.534494 0.000000 0.845173 0.400000 0.400000 0.400000
660.003418 0.000000 1502.242188 0.000000 0.036574 0.000000 -0.999331 0.400000 0.400000 0.400000
661.334961 0.000000 1507.236450 0.000000 0.756151 0.000000 -0.654397 0.400000 0.400000 0.400000
899.864624 0.000000 1389.985840 0.000000 0.785895 0.000000 0.618359 0.400000 0.400000 0.400000
827.328796 0.000000 1439.673096 0.000000 0.887511 0.000000 -0.460786 0.400000 0.400000 0.400000
879.444153 0.000000 1435.272461 0.000000 0.917697 0.000000 -0.397282 0.400000 0.400000 0.400000
921.627502 0.000000 1585.646362 0.000000 0.961873 0.000000 0.273498 0.400000 0.400000 0.400000
962.546509 0.000000 1564.520874 0.000000 0.622768 0.000000 -0.782407 0.400000 0.400000 0.400000
967.985168 0.000000 1557.923096 0.000000 0.998718 0.000000 0.050611 0.400000 0.400000 0.400000
965.451477 0.000000 1554.148804 0.000000 0.544614 0.000000 0.838687 0.400000 0.400000 0.400000
1017.604065 0.000000 1585.646362 0.000000 0.991523 0.000000 0.129933 0.400000 0.400000 0.400000
907.266479 0.000000 1646.914429 0.000000 0.544533 0.000000 0.838739 0.400000 0.400000 0.400000
904.000793 0.000000 1653.876221 0.000000 0.779488 0.000000 -0.626418 0.400000 0.400000 0.400000
909.264221 0.000000 1652.100220 0.000000 0.898836 0.000000 -0.438286 0.400000 0.400000 0.400000
905.592712 0.000000 1650.307495 0.000000 0.428721 0.000000 0.903437 0.400000 0.400000 0.400000
953.619690 0.000000 1649.615112 0.000000 0.404199 0.000000 0.914671 0.400000 0.400000 0.400000
957.405334 0.000000 1644.495361 0.000000 0.897253 0.000000 0.441518 0.400000 0.400000 0.400000
1002.239502 0.000000 1628.734619 0.000000 0.998808 0.000000 0.048816 0.400000 0.400000 0.400000
1015.895020 0.000000 1610.186646 0.000000 0.926670 0.000000 0.375877 0.400000 0.400000 0.400000
1017.604065 0.000000 1617.630737 0.000000 0.971611 0.000000 -0.236583 0.400000 0.400000 0.400000
1010.430969 0.000000 1615.779175 0.000000 0.361531 0.000000 0.932360 0.400000 0.400000 0.400000
1003.591675 0.000000 1624.420166 0.000000 0.897551 0.000000 -0.440911 0.400000 0.400000 0.400000
1014.825012 0.000000 1614.357422 0.000000 0.370825 0.000000 0.928703 0.400000 0.400000 0.400000
998.471008 0.000000 1627.435791 0.000000 0.630702 0.000000 -0.776025 0.400000 0.400000 0.400000
1014.364136 0.000000 1617.408325 0.000000 0.116624 0.000000 -0.993176 0.400000 0.400000 0.400000
960.517151 0.000000 1639.128052 0.000000 0.979161 0.000000 -0.203086 0.400000 0.400000 0.400000
963.848999 0.000000 1645.860840 0.000000 0.321140 0.000000 -0.947032 0.400000 0.400000 0.400000
959.881470 0.000000 1643.638306 0.000000 0.799827 0.000000 -0.600230 0.400000 0.400000 0.400000
992.509338 0.000000 1639.128052 0.000000 0.560254 0.000000 0.828321 0.400000 0.400000 0.400000
997.450134 0.000000 1631.594727 0.000000 0.438459 0.000000 -0.898751 0.400000 0.400000 0.400000
995.841187 0.000000 1645.860840 0.000000 0.658033 0.000000 0.752989 0.400000 0.400000 0.400000
1002.545593 0.000000 1631.378296 0.000000 0.999420 0.000000 0.034042 0.400000 0.400000 0.400000
991.873657 0.000000 1643.638306 0.000000 0.993107 0.000000 -0.117209 0.400000 0.400000 0.400000
930.554321 0.000000 1724.442749 0.000000 0.509556 0.000000 -0.860437 0.400000 0.400000 0.400000
956.976013 0.000000 1701.933472 0.000000 0.649371 0.000000 -0.760471 0.400000 0.400000 0.400000
962.546509 0.000000 1692.458374 0.000000 0.949158 0.000000 -0.314800 0.400000 0.400000 0.400000
1022.030334 0.000000 1693.540527 0.000000 0.513393 0.000000 0.858154 0.400000 0.400000 0.400000
988.083130 0.000000 1721.342407 0.000000 0.850102 0.000000 -0.526618 0.400000 0.400000 0.400000
965.457947 0.000000 1695.563477 0.000000 0.426111 0.000000 -0.904671 0.400000 0.400000 0.400000
982.583740 0.000000 1721.392944 0.000000 0.077041 0.000000 0.997028 0.400000 0.400000 0.400000
984.944519 0.000000 1725.360718 0.000000 0.752952 0.000000 -0.658076 0.400000 0.400000 0.400000
1011.917480 0.000000 1726.132812 0.000000 0.652080 0.000000 -0.758150 0.400000 0.400000 0.400000
1006.143982 0.000000 1702.824097 0.000000 0.940367 0.000000 0.340163 0.400000 0.400000 0.400000
909.264221 0.000000 1748.053345 0.000000 0.837707 0.000000 -0.546119 0.400000 0.400000 0.400000
933.465759 0.000000 1727.547852 0.000000 0.999679 0.000000 0.025350 0.400000 0.400000 0.400000
944.667542 0.000000 1737.608521 0.000000 0.887099 0.000000 -0.461579 0.400000 0.400000 0.400000
982.583740 0.000000 1753.377319 0.000000 0.495616 0.000000 0.868542 0.400000 0.400000 0.400000
984.944519 0.000000 1757.345093 0.000000 0.725171 0.000000 0.688569 0.400000 0.400000 0.400000
1010.357422 0.000000 1750.109009 0.000000 0.234180 0.000000 0.972193 0.400000 0.400000 0.400000
1007.105042 0.000000 1751.483521 0.000000 0.485449 0.000000 0.874265 0.400000 0.400000 0.400000
987.289734 0.000000 1759.516846 0.000000 0.708495 0.000000 -0.705716 0.400000 0.400000 0.400000
963.848999 0.000000 1773.798340 0.000000 0.993110 0.000000 0.117185 0.400000 0.400000 0.400000
989.397522 0.000000 1772.432861 0.000000 0.361881 0.000000 -0.932224 0.400000 0.400000 0.400000
964.168091 0.000000 1769.301025 0.000000 0.950824 0.000000 0.309732 0.400000 0.400000 0.400000
995.841187 0.000000 1773.798340 0.000000 0.661710 0.000000 0.749759 0.400000 0.400000 0.400000
1020.960388 0.000000 1765.902222 0.000000 0.910950 0.000000 0.412516 0.400000 0.400000 0.400000
991.873657 0.000000 1771.575806 0.000000 0.720651 0.000000 -0.693298 0.400000 0.400000 0.400000
891.313171 0.000000 1791.501221 0.000000 0.078078 0.000000 -0.996947 0.400000 0.400000 0.400000
1226.184814 0.000000 1148.968994 0.000000 0.904206 0.000000 0.427096 0.400000 0.400000 0.400000
1058.523071 0.000000 1212.692749 0.000000 0.938914 0.000000 0.344151 0.400000 0.400000 0.400000
1034.231689 0.000000 1276.906494 0.000000 0.159078 0.000000 0.987266 0.400000 0.400000 0.400000
1152.470337 0.000000 1223.331177 0.000000 0.999849 0.000000 0.017355 0.400000 0.400000 0.400000
1386.145752 0.000000 1244.922119 0.000000 0.789017 0.000000 0.614371 0.400000 0.400000 0.400000
1389.847534 0.000000 1251.220459 0.000000 0.357443 0.000000 0.933935 0.400000 0.400000 0.400000
1386.451904 0.000000 1247.565796 0.000000 0.839258 0.000000 0.543734 0.400000 0.400000 0.400000
1499.958130 0.000000 1273.561157 0.000000 0.221424 0.000000 0.975178 0.400000 0.400000 0.400000
1490.240234 0.000000 1270.343384 0.000000 0.803829 0.000000 0.594860 0.400000 0.400000 0.400000
1494.458740 0.000000 1273.611694 0.000000 0.128109 0.000000 -0.991760 0.400000 0.400000 0.400000
1037.933472 0.000000 1283.204834 0.000000 0.623498 0.000000 0.781825 0.400000 0.400000 0.400000
1099.219604 0.000000 1327.070679 0.000000 0.766578 0.000000 0.642151 0.400000 0.400000 0.400000
1131.211792 0.000000 1327.070679 0.000000 0.934409 0.000000 0.356201 0.400000 0.400000 0.400000
1128.260742 0.000000 1320.064819 0.000000 0.774718 0.000000 -0.632307 0.400000 0.400000 0.400000
1124.565918 0.000000 1316.479370 0.000000 0.965187 0.000000 0.261562 0.400000 0.400000 0.400000
1127.828613 0.000000 1324.648926 0.000000 0.999327 0.000000 0.036679 0.400000 0.400000 0.400000
1143.863770 0.000000 1354.311646 0.000000 0.109336 0.000000 -0.994005 0.400000 0.400000 0.400000
1145.572876 0.000000 1361.755737 0.000000 0.210030 0.000000 -0.977695 0.400000 0.400000 0.400000
1148.929199 0.000000 1350.105347 0.000000 0.745615 0.000000 -0.666376 0.400000 0.400000 0.400000
1138.399658 0.000000 1359.904175 0.000000 0.264415 0.000000 0.964409 0.400000 0.400000 0.400000
1088.485962 0.000000 1383.253052 0.000000 0.789700 0.000000 -0.613493 0.400000 0.400000 0.400000
1117.366211 0.000000 1388.620361 0.000000 0.585803 0.000000 0.810453 0.400000 0.400000 0.400000
1120.478149 0.000000 1383.253052 0.000000 0.370216 0.000000 -0.928946 0.400000 0.400000 0.400000
1123.809937 0.000000 1389.985840 0.000000 0.583160 0.000000 0.812358 0.400000 0.400000 0.400000
1162.200439 0.000000 1340.875244 0.000000 0.699590 0.000000 0.714544 0.400000 0.400000 0.400000
1152.470337 0.000000 1351.268677 0.000000 0.355080 0.000000 0.934836 0.400000 0.400000 0.400000
1175.855957 0.000000 1354.311646 0.000000 0.427698 0.000000 0.903922 0.400000 0.400000 0.400000
1157.411133 0.000000 1343.735352 0.000000 0.743993 0.000000 0.668188 0.400000 0.400000 0.400000
1177.565063 0.000000 1361.755737 0.000000 0.561932 0.000000 -0.827184 0.400000 0.400000 0.400000
1170.391846 0.000000 1359.904175 0.000000 0.937831 0.000000 0.347092 0.400000 0.400000 0.400000
1151.907593 0.000000 1344.988159 0.000000 0.993628 0.000000 -0.112711 0.400000 0.400000 0.400000
1161.538940 0.000000 1347.852905 0.000000 0.960902 0.000000 0.276888 0.400000 0.400000 0.400000
1174.785889 0.000000 1358.482422 0.000000 0.081490 0.000000 -0.996674 0.400000 0.400000 0.400000
1171.681519 0.000000 1356.131470 0.000000 0.427638 0.000000 -0.903950 0.400000 0.400000 0.400000
1180.036255 0.000000 1401.498657 0.000000 0.770742 0.000000 -0.637148 0.400000 0.400000 0.400000
1184.699341 0.000000 1396.828125 0.000000 0.999947 0.000000 0.010331 0.400000 0.400000 0.400000
1275.219482 0.000000 1375.704346 0.000000 0.583612 0.000000 0.812033 0.400000 0.400000 0.400000
1090.515259 0.000000 1468.567749 0.000000 0.725315 0.000000 0.688418 0.400000 0.400000 0.400000
1110.552490 0.000000 1465.517944 0.000000 0.238561 0.000000 0.971128 0.400000 0.400000 0.400000
1130.208252 0.000000 1468.812744 0.000000 0.707176 0.000000 -0.707037 0.400000 0.400000 0.400000
1135.381592 0.000000 1467.256836 0.000000 0.497328 0.000000 0.867562 0.400000 0.400000 0.400000
1133.978638 0.000000 1470.774048 0.000000 0.429973 0.000000 0.902842 0.400000 0.400000 0.400000
1052.067505 0.000000 1529.436157 0.000000 0.059566 0.000000 0.998224 0.400000 0.400000 0.400000
1066.223877 0.000000 1532.781494 0.000000 0.996065 0.000000 -0.088621 0.400000 0.400000 0.400000
1067.227417 0.000000 1518.976929 0.000000 0.964075 0.000000 0.265630 0.400000 0.400000 0.400000
1056.730591 0.000000 1524.765625 0.000000 0.146912 0.000000 -0.989150 0.400000 0.400000 0.400000
1068.250122 0.000000 1514.427856 0.000000 0.988646 0.000000 -0.150266 0.400000 0.400000 0.400000
1069.994263 0.000000 1534.742798 0.000000 0.818320 0.000000 0.574763 0.400000 0.400000 0.400000
1135.381592 0.000000 1499.241211 0.000000 0.768681 0.000000 -0.639633 0.400000 0.400000 0.400000
1137.473755 0.000000 1471.560669 0.000000 0.325276 0.000000 0.945619 0.400000 0.400000 0.400000
1130.514404 0.000000 1471.456421 0.000000 0.221605 0.000000 -0.975137 0.400000 0.400000 0.400000
1088.485962 0.000000 1511.190552 0.000000 0.359567 0.000000 -0.933119 0.400000 0.400000 0.400000
1092.573730 0.000000 1508.385620 0.000000 0.295471 0.000000 -0.955352 0.400000 0.400000 0.400000
1097.554565 0.000000 1507.774780 0.000000 0.996327 0.000000 0.085629 0.400000 0.400000 0.400000
1130.208252 0.000000 1532.781494 0.000000 0.913207 0.000000 0.407496 0.400000 0.400000 0.400000
1122.507446 0.000000 1532.536499 0.000000 0.596052 0.000000 0.802946 0.400000 0.400000 0.400000
1138.399658 0.000000 1519.826050 0.000000 0.358253 0.000000 0.933624 0.400000 0.400000 0.400000
1137.473755 0.000000 1503.545044 0.000000 0.674909 0.000000 0.737901 0.400000 0.400000 0.400000
1135.193115 0.000000 1517.390869 0.000000 0.316333 0.000000 0.948648 0.400000 0.400000 0.400000
1139.689331 0.000000 1516.053345 0.000000 0.998689 0.000000 -0.051194 0.400000 0.400000 0.400000
1135.082275 0.000000 1521.164917 0.000000 0.745105 0.000000 -0.666947 0.400000 0.400000 0.400000
1165.902222 0.000000 1411.142334 0.000000 0.986818 0.000000 0.161832 0.400000 0.400000 0.400000
1171.878418 0.000000 1438.273438 0.000000 0.686913 0.000000 0.726739 0.400000 0.400000 0.400000
1187.794312 0.000000 1421.970215 0.000000 0.409824 0.000000 0.912164 0.400000 0.400000 0.400000
1197.193848 0.000000 1428.209595 0.000000 0.929709 0.000000 -0.368294 0.400000 0.400000 0.400000
1226.184814 0.000000 1436.828369 0.000000 0.554993 0.000000 0.831855 0.400000 0.400000 0.400000
1232.597168 0.000000 1417.764771 0.000000 0.158917 0.000000 0.987292 0.400000 0.400000 0.400000
1234.376221 0.000000 1423.872925 0.000000 0.799311 0.000000 -0.600918 0.400000 0.400000 0.400000
1227.536987 0.000000 1432.513916 0.000000 0.961429 0.000000 -0.275053 0.400000 0.400000 0.400000
1267.854980 0.000000 1438.273438 0.000000 0.312671 0.000000 0.949862 0.400000 0.400000 0.400000
1266.368408 0.000000 1423.872925 0.000000 0.792783 0.000000 0.609505 0.400000 0.400000 0.400000
1226.490967 0.000000 1439.472046 0.000000 0.579182 0.000000 -0.815199 0.400000 0.400000 0.400000
1259.180542 0.000000 1455.008179 0.000000 0.060847 0.000000 0.998147 0.400000 0.400000 0.400000
1269.186523 0.000000 1443.267700 0.000000 0.726046 0.000000 0.687646 0.400000 0.400000 0.400000
1265.442505 0.000000 1439.576294 0.000000 0.993920 0.000000 -0.110105 0.400000 0.400000 0.400000
1152.470337 0.000000 1479.206177 0.000000 0.988812 0.000000 0.149169 0.400000 0.400000 0.400000
1156.121216 0.000000 1481.441650 0.000000 0.476900 0.000000 -0.878958 0.400000 0.400000 0.400000
1175.855957 0.000000 1514.233521 0.000000 0.991770 0.000000 0.128036 0.400000 0.400000 0.400000
1180.036255 0.000000 1529.436157 0.000000 0.972302 0.000000 0.233726 0.400000 0.400000 0.400000
1159.938354 0.000000 1525.938721 0.000000 0.595151 0.000000 -0.803614 0.400000 0.400000 0.400000
1180.921387 0.000000 1510.027222 0.000000 0.947748 0.000000 -0.319020 0.400000 0.400000 0.400000
1174.536865 0.000000 1529.486694 0.000000 0.958059 0.000000 -0.286571 0.400000 0.400000 0.400000
1176.897583 0.000000 1533.454468 0.000000 0.898431 0.000000 -0.439114 0.400000 0.400000 0.400000
1176.596191 0.000000 1510.003418 0.000000 0.215619 0.000000 0.976478 0.400000 0.400000 0.400000
1179.402100 0.000000 1513.526978 0.000000 0.517651 0.000000 0.855592 0.400000 0.400000 0.400000
1177.304443 0.000000 1530.541626 0.000000 0.998533 0.000000 0.054155 0.400000 0.400000 0.400000
1194.192627 0.000000 1532.781494 0.000000 0.988060 0.000000 -0.154071 0.400000 0.400000 0.400000
1202.310547 0.000000 1526.218384 0.000000 0.952550 0.000000 0.304382 0.400000 0.400000 0.400000
1203.870605 0.000000 1534.226562 0.000000 0.966866 0.000000 -0.255286 0.400000 0.400000 0.400000
1199.365967 0.000000 1531.225586 0.000000 0.455137 0.000000 0.890422 0.400000 0.400000 0.400000
1196.218872 0.000000 1514.427856 0.000000 0.990482 0.000000 0.137645 0.400000 0.400000 0.400000
1272.874146 0.000000 1533.454468 0.000000 0.324187 0.000000 0.945993 0.400000 0.400000 0.400000
1305.533813 0.000000 1329.771362 0.000000 0.537638 0.000000 0.843176 0.400000 0.400000 0.400000
1309.319336 0.000000 1324.651611 0.000000 0.896175 0.000000 -0.443701 0.400000 0.400000 0.400000
1312.431274 0.000000 1319.284302 0.000000 0.713382 0.000000 0.700776 0.400000 0.400000 0.400000
1311.868530 0.000000 1313.003784 0.000000 0.408187 0.000000 0.912898 0.400000 0.400000 0.400000
1375.852905 0.000000 1281.019409 0.000000 0.209150 0.000000 -0.977884 0.400000 0.400000 0.400000
1308.890137 0.000000 1350.105347 0.000000 0.822463 0.000000 0.568819 0.400000 0.400000 0.400000
1311.868530 0.000000 1344.988159 0.000000 0.957213 0.000000 -0.289384 0.400000 0.400000 0.400000
1303.824707 0.000000 1386.296021 0.000000 0.985707 0.000000 -0.168471 0.400000 0.400000 0.400000
1304.564941 0.000000 1382.065918 0.000000 0.023568 0.000000 -0.999722 0.400000 0.400000 0.400000
1360.565918 0.000000 1353.796021 0.000000 0.999997 0.000000 -0.002316 0.400000 0.400000 0.400000
1386.145752 0.000000 1372.859619 0.000000 0.583456 0.000000 0.812144 0.400000 0.400000 0.400000
1403.981567 0.000000 1369.514282 0.000000 0.981783 0.000000 -0.190006 0.400000 0.400000 0.400000
1394.263672 0.000000 1366.296509 0.000000 0.702491 0.000000 -0.711693 0.400000 0.400000 0.400000
1398.482178 0.000000 1369.564819 0.000000 0.463985 0.000000 0.885843 0.400000 0.400000 0.400000
1398.607056 0.000000 1364.988281 0.000000 0.984448 0.000000 -0.175674 0.400000 0.400000 0.400000
1401.998535 0.000000 1366.497314 0.000000 0.608041 0.000000 0.793906 0.400000 0.400000 0.400000
1362.271484 0.000000 1398.280884 0.000000 0.156670 0.000000 -0.987651 0.400000 0.400000 0.400000
1369.518188 0.000000 1393.740112 0.000000 0.977463 0.000000 0.211106 0.400000 0.400000 0.400000
1362.344971 0.000000 1391.888550 0.000000 0.558915 0.000000 0.829225 0.400000 0.400000 0.400000
1386.145752 0.000000 1404.843994 0.000000 0.934120 0.000000 0.356960 0.400000 0.400000 0.400000
1389.847534 0.000000 1379.157959 0.000000 0.527982 0.000000 -0.849255 0.400000 0.400000 0.400000
1381.356445 0.000000 1375.719727 0.000000 0.019011 0.000000 -0.999819 0.400000 0.400000 0.400000
1391.319092 0.000000 1403.288086 0.000000 0.588524 0.000000 0.808480 0.400000 0.400000 0.400000
1386.451904 0.000000 1375.503296 0.000000 0.860796 0.000000 -0.508950 0.400000 0.400000 0.400000
1387.497925 0.000000 1400.529541 0.000000 0.985707 0.000000 -0.168468 0.400000 0.400000 0.400000
1385.484253 0.000000 1379.837280 0.000000 0.999732 0.000000 -0.023134 0.400000 0.400000 0.400000
1450.130127 0.000000 1308.890869 0.000000 0.026847 0.000000 -0.999640 0.400000 0.400000 0.400000
1450.130127 0.000000 1340.875244 0.000000 0.367344 0.000000 -0.930085 0.400000 0.400000 0.400000
1463.785645 0.000000 1322.327271 0.000000 0.737200 0.000000 -0.675675 0.400000 0.400000 0.400000
1468.851074 0.000000 1318.120972 0.000000 0.898322 0.000000 -0.439339 0.400000 0.400000 0.400000
1458.321533 0.000000 1327.919800 0.000000 0.758209 0.000000 -0.652012 0.400000 0.400000 0.400000
1472.392212 0.000000 1319.284302 0.000000 0.532834 0.000000 -0.846220 0.400000 0.400000 0.400000
1523.792480 0.000000 1342.320312 0.000000 0.999897 0.000000 0.014369 0.400000 0.400000 0.400000
1408.407837 0.000000 1351.268677 0.000000 0.820896 0.000000 0.571077 0.400000 0.400000 0.400000
1412.058716 0.000000 1353.504150 0.000000 0.719524 0.000000 -0.694468 0.400000 0.400000 0.400000
1451.133667 0.000000 1359.055054 0.000000 0.918577 0.000000 0.395241 0.400000 0.400000 0.400000
1418.137939 0.000000 1404.843994 0.000000 0.730167 0.000000 -0.683268 0.400000 0.400000 0.400000
1419.141479 0.000000 1391.039429 0.000000 0.976209 0.000000 -0.216833 0.400000 0.400000 0.400000
1410.437134 0.000000 1404.598999 0.000000 0.962184 0.000000 0.272400 0.400000 0.400000 0.400000
1414.369507 0.000000 1403.545166 0.000000 0.738991 0.000000 0.673716 0.400000 0.400000 0.400000
1523.792480 0.000000 1374.304688 0.000000 0.789032 0.000000 -0.614353 0.400000 0.400000 0.400000
1485.824097 0.000000 1379.157959 0.000000 0.782289 0.000000 0.622915 0.400000 0.400000 0.400000
1283.770874 0.000000 1421.970215 0.000000 0.985537 0.000000 0.169459 0.400000 0.400000 0.400000
1296.581543 0.000000 1417.764771 0.000000 0.659109 0.000000 0.752048 0.400000 0.400000 0.400000
1285.373291 0.000000 1426.211304 0.000000 0.933980 0.000000 0.357324 0.400000 0.400000 0.400000
1295.154053 0.000000 1421.437744 0.000000 0.779438 0.000000 -0.626480 0.400000 0.400000 0.400000
1294.073730 0.000000 1414.964722 0.000000 0.130339 0.000000 0.991469 0.400000 0.400000 0.400000
1339.997192 0.000000 1433.483032 0.000000 0.479259 0.000000 0.877673 0.400000 0.400000 0.400000
1325.863159 0.000000 1411.142334 0.000000 0.444486 0.000000 -0.895786 0.400000 0.400000 0.400000
1312.668091 0.000000 1428.812500 0.000000 0.198441 0.000000 0.980113 0.400000 0.400000 0.400000
1315.763062 0.000000 1421.970215 0.000000 0.605273 0.000000 0.796018 0.400000 0.400000 0.400000
1334.497803 0.000000 1433.533569 0.000000 0.823425 0.000000 -0.567426 0.400000 0.400000 0.400000
1317.365479 0.000000 1426.211304 0.000000 0.308228 0.000000 -0.951313 0.400000 0.400000 0.400000
1321.499878 0.000000 1411.821655 0.000000 0.779703 0.000000 -0.626150 0.400000 0.400000 0.400000
1290.169189 0.000000 1468.812744 0.000000 0.997287 0.000000 -0.073614 0.400000 0.400000 0.400000
1318.392944 0.000000 1467.513916 0.000000 0.655800 0.000000 -0.754935 0.400000 0.400000 0.400000
1344.423462 0.000000 1415.237427 0.000000 0.524702 0.000000 0.851286 0.400000 0.400000 0.400000
1349.364258 0.000000 1407.704102 0.000000 0.327044 0.000000 -0.945009 0.400000 0.400000 0.400000
1348.511230 0.000000 1412.432495 0.000000 0.815815 0.000000 -0.578313 0.400000 0.400000 0.400000
1353.492065 0.000000 1411.821655 0.000000 0.993075 0.000000 -0.117486 0.400000 0.400000 0.400000
1376.415649 0.000000 1415.237427 0.000000 0.735166 0.000000 0.677887 0.400000 0.400000 0.400000
1387.149292 0.000000 1423.023804 0.000000 0.689104 0.000000 0.724663 0.400000 0.400000 0.400000
1378.444946 0.000000 1436.583374 0.000000 0.998295 0.000000 -0.058366 0.400000 0.400000 0.400000
1379.944458 0.000000 1432.240234 0.000000 0.929201 0.000000 -0.369576 0.400000 0.400000 0.400000
1360.565918 0.000000 1449.749146 0.000000 0.363970 0.000000 -0.931411 0.400000 0.400000 0.400000
1362.344971 0.000000 1455.857300 0.000000 0.768909 0.000000 0.639358 0.400000 0.400000 0.400000
1387.149292 0.000000 1455.008179 0.000000 0.799582 0.000000 -0.600557 0.400000 0.400000 0.400000
1293.870972 0.000000 1475.111084 0.000000 0.307957 0.000000 -0.951400 0.400000 0.400000 0.400000
1305.533813 0.000000 1489.693237 0.000000 0.974630 0.000000 0.223824 0.400000 0.400000 0.400000
1290.475342 0.000000 1471.456421 0.000000 0.536329 0.000000 0.844009 0.400000 0.400000 0.400000
1294.439575 0.000000 1472.141113 0.000000 0.512700 0.000000 0.858568 0.400000 0.400000 0.400000
1317.372070 0.000000 1471.672852 0.000000 0.767823 0.000000 -0.640662 0.400000 0.400000 0.400000
1307.211670 0.000000 1503.641846 0.000000 0.512900 0.000000 -0.858448 0.400000 0.400000 0.400000
1293.170410 0.000000 1524.162720 0.000000 0.016070 0.000000 0.999871 0.400000 0.400000 0.400000
1311.868530 0.000000 1504.910034 0.000000 0.623758 0.000000 0.781617 0.400000 0.400000 0.400000
1363.831543 0.000000 1502.242188 0.000000 0.767258 0.000000 -0.641339 0.400000 0.400000 0.400000
1399.801270 0.000000 1482.249146 0.000000 0.984542 0.000000 0.175150 0.400000 0.400000 0.400000
1401.510376 0.000000 1489.693237 0.000000 0.720012 0.000000 -0.693962 0.400000 0.400000 0.400000
1398.731201 0.000000 1486.419922 0.000000 0.365557 0.000000 -0.930789 0.400000 0.400000 0.400000
1402.421387 0.000000 1486.388184 0.000000 0.965606 0.000000 -0.260009 0.400000 0.400000 0.400000
1426.255859 0.000000 1430.265259 0.000000 0.816520 0.000000 -0.577317 0.400000 0.400000 0.400000
1413.348633 0.000000 1407.704102 0.000000 0.567984 0.000000 -0.823039 0.400000 0.400000 0.400000
1427.815918 0.000000 1438.273438 0.000000 0.962311 0.000000 -0.271952 0.400000 0.400000 0.400000
1430.474365 0.000000 1433.533569 0.000000 0.531079 0.000000 0.847323 0.400000 0.400000 0.400000
1432.835083 0.000000 1437.501343 0.000000 0.406924 0.000000 -0.913462 0.400000 0.400000 0.400000
1458.248047 0.000000 1430.265259 0.000000 0.323528 0.000000 0.946218 0.400000 0.400000 0.400000
1443.731812 0.000000 1421.970215 0.000000 0.905022 0.000000 0.425364 0.400000 0.400000 0.400000
1462.591431 0.000000 1428.957031 0.000000 0.328386 0.000000 -0.944543 0.400000 0.400000 0.400000
1435.180420 0.000000 1439.673096 0.000000 0.793102 0.000000 -0.609088 0.400000 0.400000 0.400000
1458.248047 0.000000 1462.249634 0.000000 0.968607 0.000000 0.248598 0.400000 0.400000 0.400000
1495.777832 0.000000 1418.280396 0.000000 0.996250 0.000000 -0.086525 0.400000 0.400000 0.400000
1490.240234 0.000000 1430.265259 0.000000 0.406561 0.000000 -0.913624 0.400000 0.400000 0.400000
1483.125854 0.000000 1455.008179 0.000000 0.596554 0.000000 -0.802573 0.400000 0.400000 0.400000
1445.340820 0.000000 1471.672852 0.000000 0.746645 0.000000 0.665223 0.400000 0.400000 0.400000
1433.502563 0.000000 1521.677612 0.000000 0.995516 0.000000 -0.094594 0.400000 0.400000 0.400000
1410.437134 0.000000 1532.536499 0.000000 0.978299 0.000000 0.207199 0.400000 0.400000 0.400000
1426.329346 0.000000 1519.826050 0.000000 0.341593 0.000000 -0.939848 0.400000 0.400000 0.400000
1440.636841 0.000000 1524.765625 0.000000 0.972750 0.000000 -0.231855 0.400000 0.400000 0.400000
1447.868042 0.000000 1525.938721 0.000000 0.053611 0.000000 0.998562 0.400000 0.400000 0.400000
1514.114502 0.000000 1532.781494 0.000000 0.053242 0.000000 0.998582 0.400000 0.400000 0.400000
1523.792480 0.000000 1534.226562 0.000000 0.683300 0.000000 -0.730138 0.400000 0.400000 0.400000
1519.287842 0.000000 1531.225586 0.000000 0.582808 0.000000 0.812610 0.400000 0.400000 0.400000
1546.106689 0.000000 1500.797119 0.000000 0.997794 0.000000 0.066384 0.400000 0.400000 0.400000
1541.317383 0.000000 1503.657227 0.000000 0.992988 0.000000 -0.118219 0.400000 0.400000 0.400000
1546.412842 0.000000 1503.440796 0.000000 0.193345 0.000000 -0.981131 0.400000 0.400000 0.400000
1568.368774 0.000000 1511.190552 0.000000 0.199244 0.000000 0.979950 0.400000 0.400000 0.400000
1024.738403 0.000000 1556.750000 0.000000 0.841481 0.000000 -0.540286 0.400000 0.400000 0.400000
1031.969604 0.000000 1557.923096 0.000000 0.045489 0.000000 0.998965 0.400000 0.400000 0.400000
1053.381836 0.000000 1548.542236 0.000000 0.777837 0.000000 0.628466 0.400000 0.400000 0.400000
1029.435791 0.000000 1554.148804 0.000000 0.985314 0.000000 -0.170753 0.400000 0.400000 0.400000
1027.878296 0.000000 1556.990479 0.000000 0.917556 0.000000 -0.397607 0.400000 0.400000 0.400000
1056.493774 0.000000 1543.174927 0.000000 0.668844 0.000000 0.743403 0.400000 0.400000 0.400000
1069.925659 0.000000 1539.079834 0.000000 0.588173 0.000000 0.808735 0.400000 0.400000 0.400000
1059.825562 0.000000 1549.907715 0.000000 0.999000 0.000000 -0.044701 0.400000 0.400000 0.400000
1066.530029 0.000000 1535.425171 0.000000 0.783078 0.000000 -0.621924 0.400000 0.400000 0.400000
1055.858032 0.000000 1547.685181 0.000000 0.882241 0.000000 -0.470797 0.400000 0.400000 0.400000
1056.493774 0.000000 1575.159302 0.000000 0.112044 0.000000 -0.993703 0.400000 0.400000 0.400000
1079.879395 0.000000 1578.202271 0.000000 0.937218 0.000000 -0.348744 0.400000 0.400000 0.400000
1059.825562 0.000000 1581.892090 0.000000 0.633381 0.000000 -0.773840 0.400000 0.400000 0.400000
1063.961792 0.000000 1589.907471 0.000000 0.688419 0.000000 -0.725313 0.400000 0.400000 0.400000
1072.636230 0.000000 1577.686646 0.000000 0.470422 0.000000 0.882441 0.400000 0.400000 0.400000
1074.415283 0.000000 1583.794800 0.000000 0.839725 0.000000 0.543012 0.400000 0.400000 0.400000
1055.858032 0.000000 1579.669556 0.000000 0.858536 0.000000 0.512752 0.400000 0.400000 0.400000
1075.704956 0.000000 1580.022095 0.000000 0.999563 0.000000 -0.029545 0.400000 0.400000 0.400000
1111.871582 0.000000 1546.217896 0.000000 0.994244 0.000000 0.107136 0.400000 0.400000 0.400000
1116.051880 0.000000 1561.420532 0.000000 0.438516 0.000000 0.898724 0.400000 0.400000 0.400000
1095.953979 0.000000 1557.923096 0.000000 0.552079 0.000000 -0.833792 0.400000 0.400000 0.400000
1116.937012 0.000000 1542.011597 0.000000 0.504979 0.000000 0.863131 0.400000 0.400000 0.400000
1117.366211 0.000000 1548.542236 0.000000 0.263290 0.000000 -0.964717 0.400000 0.400000 0.400000
1101.217285 0.000000 1556.147095 0.000000 0.999285 0.000000 0.037822 0.400000 0.400000 0.400000
1118.006958 0.000000 1565.603027 0.000000 0.999608 0.000000 -0.027995 0.400000 0.400000 0.400000
1099.568237 0.000000 1560.451416 0.000000 0.729717 0.000000 0.683749 0.400000 0.400000 0.400000
1097.545776 0.000000 1554.354370 0.000000 0.987657 0.000000 -0.156632 0.400000 0.400000 0.400000
1115.417725 0.000000 1545.511353 0.000000 0.952660 0.000000 0.304037 0.400000 0.400000 0.400000
1120.714966 0.000000 1556.750000 0.000000 0.935894 0.000000 0.352282 0.400000 0.400000 0.400000
1125.418945 0.000000 1535.641602 0.000000 0.739054 0.000000 -0.673646 0.400000 0.400000 0.400000
1122.507446 0.000000 1564.520874 0.000000 0.484086 0.000000 0.875020 0.400000 0.400000 0.400000
1119.842407 0.000000 1547.685181 0.000000 0.962761 0.000000 -0.270353 0.400000 0.400000 0.400000
1119.977539 0.000000 1560.801758 0.000000 0.996214 0.000000 -0.086930 0.400000 0.400000 0.400000
1098.216064 0.000000 1596.750244 0.000000 0.560789 0.000000 -0.827959 0.400000 0.400000 0.400000
1088.485962 0.000000 1575.159302 0.000000 0.226043 0.000000 0.974117 0.400000 0.400000 0.400000
1087.923218 0.000000 1568.878784 0.000000 0.022872 0.000000 -0.999738 0.400000 0.400000 0.400000
1092.014771 0.000000 1592.162109 0.000000 0.066544 0.000000 0.997783 0.400000 0.400000 0.400000
1099.568237 0.000000 1592.435791 0.000000 0.583059 0.000000 0.812430 0.400000 0.400000 0.400000
1139.886230 0.000000 1598.195312 0.000000 0.951248 0.000000 -0.308428 0.400000 0.400000 0.400000
1144.905396 0.000000 1597.423218 0.000000 0.993512 0.000000 -0.113727 0.400000 0.400000 0.400000
1084.059692 0.000000 1625.389282 0.000000 0.251119 0.000000 0.967956 0.400000 0.400000 0.400000
1067.227417 0.000000 1614.930054 0.000000 0.795739 0.000000 0.605640 0.400000 0.400000 0.400000
1063.961792 0.000000 1621.891846 0.000000 0.969142 0.000000 0.246505 0.400000 0.400000 0.400000
1078.560303 0.000000 1625.439819 0.000000 0.909220 0.000000 0.416317 0.400000 0.400000 0.400000
1080.921021 0.000000 1629.407593 0.000000 0.118274 0.000000 -0.992981 0.400000 0.400000 0.400000
1061.427979 0.000000 1618.117554 0.000000 0.958912 0.000000 -0.283702 0.400000 0.400000 0.400000
1031.969604 0.000000 1653.876221 0.000000 0.972128 0.000000 0.234449 0.400000 0.400000 0.400000
1028.030396 0.000000 1656.130859 0.000000 0.269179 0.000000 0.963090 0.400000 0.400000 0.400000
1035.583862 0.000000 1656.404541 0.000000 0.225513 0.000000 -0.974240 0.400000 0.400000 0.400000
1056.730591 0.000000 1652.703125 0.000000 0.997088 0.000000 -0.076260 0.400000 0.400000 0.400000
1083.266357 0.000000 1631.579346 0.000000 0.043923 0.000000 -0.999035 0.400000 0.400000 0.400000
1063.961792 0.000000 1653.876221 0.000000 0.954625 0.000000 0.297811 0.400000 0.400000 0.400000
1085.968018 0.000000 1653.102051 0.000000 0.612725 0.000000 0.790296 0.400000 0.400000 0.400000
1061.427979 0.000000 1650.101929 0.000000 0.791267 0.000000 -0.611470 0.400000 0.400000 0.400000
1086.374146 0.000000 1649.273926 0.000000 0.977847 0.000000 -0.209322 0.400000 0.400000 0.400000
1099.219604 0.000000 1614.930054 0.000000 0.746732 0.000000 0.665125 0.400000 0.400000 0.400000
1131.211792 0.000000 1614.930054 0.000000 0.955431 0.000000 0.295216 0.400000 0.400000 0.400000
1147.250732 0.000000 1599.594971 0.000000 0.889833 0.000000 -0.456285 0.400000 0.400000 0.400000
1123.809937 0.000000 1613.876465 0.000000 0.061190 0.000000 -0.998126 0.400000 0.400000 0.400000
1141.217773 0.000000 1603.189575 0.000000 0.840210 0.000000 -0.542262 0.400000 0.400000 0.400000
1137.473755 0.000000 1599.498169 0.000000 0.974102 0.000000 -0.226109 0.400000 0.400000 0.400000
1127.828613 0.000000 1612.508301 0.000000 0.671331 0.000000 0.741158 0.400000 0.400000 0.400000
1143.499756 0.000000 1599.930908 0.000000 0.495111 0.000000 -0.868830 0.400000 0.400000 0.400000
1127.517334 0.000000 1615.688354 0.000000 0.399659 0.000000 0.916664 0.400000 0.400000 0.400000
1088.722778 0.000000 1652.703125 0.000000 0.007313 0.000000 -0.999973 0.400000 0.400000 0.400000
1088.091797 0.000000 1648.281006 0.000000 0.480339 0.000000 -0.877083 0.400000 0.400000 0.400000
1126.439819 0.000000 1659.420166 0.000000 0.563151 0.000000 0.826354 0.400000 0.400000 0.400000
1163.203979 0.000000 1550.961304 0.000000 0.901511 0.000000 -0.432756 0.400000 0.400000 0.400000
1152.707153 0.000000 1556.750000 0.000000 0.929887 0.000000 0.367845 0.400000 0.400000 0.400000
1155.802124 0.000000 1549.907715 0.000000 0.724607 0.000000 -0.689162 0.400000 0.400000 0.400000
1159.938354 0.000000 1557.923096 0.000000 0.657205 0.000000 -0.753712 0.400000 0.400000 0.400000
1157.404541 0.000000 1554.148804 0.000000 0.470543 0.000000 -0.882377 0.400000 0.400000 0.400000
1152.076172 0.000000 1552.327881 0.000000 0.595234 0.000000 0.803552 0.400000 0.400000 0.400000
1164.226685 0.000000 1546.412231 0.000000 0.989567 0.000000 -0.144075 0.400000 0.400000 0.400000
1167.185303 0.000000 1549.375244 0.000000 0.895547 0.000000 0.444968 0.400000 0.400000 0.400000
1212.028442 0.000000 1561.420532 0.000000 0.272977 0.000000 0.962020 0.400000 0.400000 0.400000
1184.699341 0.000000 1556.750000 0.000000 0.376901 0.000000 -0.926254 0.400000 0.400000 0.400000
1209.557251 0.000000 1553.661987 0.000000 0.996277 0.000000 -0.086208 0.400000 0.400000 0.400000
1187.794312 0.000000 1549.907715 0.000000 0.919615 0.000000 -0.392821 0.400000 0.400000 0.400000
1191.930542 0.000000 1557.923096 0.000000 0.854565 0.000000 0.519344 0.400000 0.400000 0.400000
1201.458130 0.000000 1535.529419 0.000000 0.865729 0.000000 -0.500513 0.400000 0.400000 0.400000
1213.936768 0.000000 1557.148926 0.000000 0.927347 0.000000 -0.374203 0.400000 0.400000 0.400000
1189.396729 0.000000 1554.148804 0.000000 0.702370 0.000000 -0.711812 0.400000 0.400000 0.400000
1184.068359 0.000000 1552.327881 0.000000 0.465867 0.000000 0.884855 0.400000 0.400000 0.400000
1206.653931 0.000000 1556.894531 0.000000 0.849398 0.000000 0.527753 0.400000 0.400000 0.400000
1210.045410 0.000000 1558.403564 0.000000 0.973024 0.000000 0.230705 0.400000 0.400000 0.400000
1186.491821 0.000000 1596.505249 0.000000 0.934836 0.000000 0.355081 0.400000 0.400000 0.400000
1229.886597 0.000000 1539.079834 0.000000 0.612531 0.000000 -0.790446 0.400000 0.400000 0.400000
1275.219482 0.000000 1535.626221 0.000000 0.588128 0.000000 -0.808768 0.400000 0.400000 0.400000
1218.484009 0.000000 1596.505249 0.000000 0.666160 0.000000 0.745809 0.400000 0.400000 0.400000
1276.012817 0.000000 1593.404907 0.000000 0.204224 0.000000 0.978924 0.400000 0.400000 0.400000
1273.541626 0.000000 1585.646362 0.000000 0.676444 0.000000 0.736494 0.400000 0.400000 0.400000
1270.513428 0.000000 1593.455444 0.000000 0.500886 0.000000 -0.865514 0.400000 0.400000 0.400000
1277.921143 0.000000 1589.133301 0.000000 0.977449 0.000000 0.211171 0.400000 0.400000 0.400000
1270.638306 0.000000 1588.878906 0.000000 0.977601 0.000000 0.210467 0.400000 0.400000 0.400000
1274.029785 0.000000 1590.387939 0.000000 0.847325 0.000000 0.531075 0.400000 0.400000 0.400000
1180.036255 0.000000 1625.389282 0.000000 0.093298 0.000000 0.995638 0.400000 0.400000 0.400000
1155.802124 0.000000 1613.876465 0.000000 0.407805 0.000000 0.913069 0.400000 0.400000 0.400000
1181.991333 0.000000 1629.571777 0.000000 0.778715 0.000000 -0.627378 0.400000 0.400000 0.400000
1152.076172 0.000000 1616.296631 0.000000 0.300588 0.000000 -0.953754 0.400000 0.400000 0.400000
1212.028442 0.000000 1625.389282 0.000000 0.770119 0.000000 -0.637900 0.400000 0.400000 0.400000
1189.403320 0.000000 1599.610352 0.000000 0.064302 0.000000 0.997930 0.400000 0.400000 0.400000
1186.491821 0.000000 1628.489624 0.000000 0.997808 0.000000 -0.066169 0.400000 0.400000 0.400000
1213.936768 0.000000 1621.117676 0.000000 0.894608 0.000000 -0.446852 0.400000 0.400000 0.400000
1183.961914 0.000000 1624.770508 0.000000 0.730087 0.000000 0.683355 0.400000 0.400000 0.400000
1163.203979 0.000000 1646.914429 0.000000 0.450609 0.000000 0.892722 0.400000 0.400000 0.400000
1159.938354 0.000000 1653.876221 0.000000 0.542016 0.000000 0.840368 0.400000 0.400000 0.400000
1165.201660 0.000000 1652.100220 0.000000 0.213473 0.000000 0.976949 0.400000 0.400000 0.400000
1157.404541 0.000000 1650.101929 0.000000 0.984083 0.000000 -0.177711 0.400000 0.400000 0.400000
1195.196167 0.000000 1646.914429 0.000000 0.278854 0.000000 -0.960334 0.400000 0.400000 0.400000
1189.403320 0.000000 1631.594727 0.000000 0.961052 0.000000 -0.276369 0.400000 0.400000 0.400000
1187.991333 0.000000 1656.130859 0.000000 0.741867 0.000000 0.670547 0.400000 0.400000 0.400000
1196.218872 0.000000 1642.365356 0.000000 0.148181 0.000000 0.988960 0.400000 0.400000 0.400000
1244.020630 0.000000 1625.389282 0.000000 0.382873 0.000000 0.923801 0.400000 0.400000 0.400000
1216.691528 0.000000 1620.718750 0.000000 0.696434 0.000000 -0.717621 0.400000 0.400000 0.400000
1245.975708 0.000000 1629.571777 0.000000 0.627602 0.000000 -0.778535 0.400000 0.400000 0.400000
1258.177002 0.000000 1628.734619 0.000000 0.916943 0.000000 0.399018 0.400000 0.400000 0.400000
1263.350342 0.000000 1627.178711 0.000000 0.717193 0.000000 0.696874 0.400000 0.400000 0.400000
1261.947388 0.000000 1630.695923 0.000000 0.997147 0.000000 0.075483 0.400000 0.400000 0.400000
1261.878784 0.000000 1635.032959 0.000000 0.919306 0.000000 -0.393543 0.400000 0.400000 0.400000
1273.541626 0.000000 1649.615112 0.000000 0.671522 0.000000 -0.740984 0.400000 0.400000 0.400000
1277.327148 0.000000 1644.495361 0.000000 0.929951 0.000000 -0.367683 0.400000 0.400000 0.400000
1265.442505 0.000000 1631.482544 0.000000 0.313490 0.000000 0.949591 0.400000 0.400000 0.400000
1258.483154 0.000000 1631.378296 0.000000 0.292409 0.000000 0.956293 0.400000 0.400000 0.400000
1052.067505 0.000000 1689.358032 0.000000 0.971722 0.000000 0.236127 0.400000 0.400000 0.400000
1024.738403 0.000000 1684.687500 0.000000 0.979036 0.000000 -0.203688 0.400000 0.400000 0.400000
1026.530884 0.000000 1692.458374 0.000000 0.656483 0.000000 -0.754341 0.400000 0.400000 0.400000
1027.833374 0.000000 1677.845215 0.000000 0.812461 0.000000 -0.583015 0.400000 0.400000 0.400000
1046.568115 0.000000 1689.408569 0.000000 0.734285 0.000000 0.678841 0.400000 0.400000 0.400000
1048.928833 0.000000 1693.376343 0.000000 0.760501 0.000000 0.649336 0.400000 0.400000 0.400000
1029.435791 0.000000 1682.086304 0.000000 0.045182 0.000000 0.998979 0.400000 0.400000 0.400000
1024.107422 0.000000 1680.265381 0.000000 0.739599 0.000000 -0.673047 0.400000 0.400000 0.400000
1024.000977 0.000000 1688.739258 0.000000 0.550997 0.000000 -0.834507 0.400000 0.400000 0.400000
1049.335693 0.000000 1690.463501 0.000000 0.410381 0.000000 0.911914 0.400000 0.400000 0.400000
1026.376465 0.000000 1682.198242 0.000000 0.301260 0.000000 -0.953542 0.400000 0.400000 0.400000
1056.493774 0.000000 1671.112427 0.000000 0.527667 0.000000 0.849451 0.400000 0.400000 0.400000
1074.341797 0.000000 1686.140259 0.000000 0.935847 0.000000 -0.352406 0.400000 0.400000 0.400000
1064.276367 0.000000 1671.892944 0.000000 0.995323 0.000000 0.096598 0.400000 0.400000 0.400000
1060.144653 0.000000 1673.347900 0.000000 0.334506 0.000000 -0.942394 0.400000 0.400000 0.400000
1024.738403 0.000000 1716.671875 0.000000 0.997546 0.000000 0.070008 0.400000 0.400000 0.400000
1051.274170 0.000000 1695.548096 0.000000 0.994106 0.000000 0.108410 0.400000 0.400000 0.400000
1049.596313 0.000000 1713.583862 0.000000 0.592125 0.000000 -0.805846 0.400000 0.400000 0.400000
1053.975830 0.000000 1717.070801 0.000000 0.676179 0.000000 0.736737 0.400000 0.400000 0.400000
1101.917847 0.000000 1667.017334 0.000000 0.298543 0.000000 0.954396 0.400000 0.400000 0.400000
1105.481567 0.000000 1663.466919 0.000000 0.324110 0.000000 -0.946019 0.400000 0.400000 0.400000
1098.522217 0.000000 1663.362671 0.000000 0.285712 0.000000 -0.958316 0.400000 0.400000 0.400000
1143.863770 0.000000 1674.155396 0.000000 0.778016 0.000000 0.628245 0.400000 0.400000 0.400000
1148.044067 0.000000 1689.358032 0.000000 0.945372 0.000000 -0.325992 0.400000 0.400000 0.400000
1142.793701 0.000000 1678.326172 0.000000 0.996936 0.000000 0.078217 0.400000 0.400000 0.400000
1128.260742 0.000000 1703.877319 0.000000 0.989200 0.000000 0.146571 0.400000 0.400000 0.400000
1067.227417 0.000000 1742.867554 0.000000 0.970643 0.000000 0.240524 0.400000 0.400000 0.400000
1024.501587 0.000000 1767.065552 0.000000 0.681566 0.000000 -0.731757 0.400000 0.400000 0.400000
1052.952637 0.000000 1765.902222 0.000000 0.834215 0.000000 0.551439 0.400000 0.400000 0.400000
1023.865845 0.000000 1771.575806 0.000000 0.795540 0.000000 -0.605902 0.400000 0.400000 0.400000
1056.493774 0.000000 1767.065552 0.000000 0.759987 0.000000 0.649938 0.400000 0.400000 0.400000
1099.219604 0.000000 1742.867554 0.000000 0.820410 0.000000 -0.571775 0.400000 0.400000 0.400000
1133.910034 0.000000 1730.986084 0.000000 0.998980 0.000000 -0.045160 0.400000 0.400000 0.400000
1128.260742 0.000000 1735.861694 0.000000 0.988737 0.000000 -0.149660 0.400000 0.400000 0.400000
1129.546753 0.000000 1731.665405 0.000000 0.417081 0.000000 0.908870 0.400000 0.400000 0.400000
1091.817749 0.000000 1773.798340 0.000000 0.956839 0.000000 -0.290618 0.400000 0.400000 0.400000
1181.944580 0.000000 1717.070801 0.000000 0.605860 0.000000 -0.795571 0.400000 0.400000 0.400000
1184.699341 0.000000 1716.671875 0.000000 0.330364 0.000000 -0.943853 0.400000 0.400000 0.400000
1187.794312 0.000000 1709.829590 0.000000 0.484139 0.000000 -0.874991 0.400000 0.400000 0.400000
1191.812988 0.000000 1708.461426 0.000000 0.424401 0.000000 -0.905475 0.400000 0.400000 0.400000
1188.113403 0.000000 1705.332275 0.000000 0.972289 0.000000 -0.233781 0.400000 0.400000 0.400000
1224.237305 0.000000 1671.892944 0.000000 0.787254 0.000000 0.616629 0.400000 0.400000 0.400000
1271.832520 0.000000 1674.155396 0.000000 0.450341 0.000000 -0.892857 0.400000 0.400000 0.400000
1275.219482 0.000000 1663.563721 0.000000 0.989750 0.000000 -0.142809 0.400000 0.400000 0.400000
1264.589355 0.000000 1673.639771 0.000000 0.985745 0.000000 -0.168245 0.400000 0.400000 0.400000
1276.897949 0.000000 1669.949097 0.000000 0.903876 0.000000 -0.427795 0.400000 0.400000 0.400000
1268.464844 0.000000 1671.390259 0.000000 0.979763 0.000000 0.200159 0.400000 0.400000 0.400000
1267.658081 0.000000 1675.975220 0.000000 0.889118 0.000000 -0.457677 0.400000 0.400000 0.400000
1277.524658 0.000000 1666.375854 0.000000 0.172631 0.000000 -0.984987 0.400000 0.400000 0.400000
1274.135132 0.000000 1666.836670 0.000000 0.974759 0.000000 -0.223259 0.400000 0.400000 0.400000
1216.454712 0.000000 1703.096802 0.000000 0.346570 0.000000 -0.938024 0.400000 0.400000 0.400000
1244.905762 0.000000 1701.933472 0.000000 0.704496 0.000000 0.709708 0.400000 0.400000 0.400000
1152.470337 0.000000 1735.081177 0.000000 0.950244 0.000000 0.311508 0.400000 0.400000 0.400000
1280.675903 0.000000 1556.750000 0.000000 0.815654 0.000000 -0.578540 0.400000 0.400000 0.400000
1287.907104 0.000000 1557.923096 0.000000 0.776909 0.000000 -0.629613 0.400000 0.400000 0.400000
1279.876343 0.000000 1536.894409 0.000000 0.904156 0.000000 -0.427203 0.400000 0.400000 0.400000
1283.967896 0.000000 1560.177734 0.000000 0.991590 0.000000 -0.129419 0.400000 0.400000 0.400000
1323.164917 0.000000 1550.961304 0.000000 0.152351 0.000000 -0.988327 0.400000 0.400000 0.400000
1319.781738 0.000000 1548.539551 0.000000 0.784588 0.000000 0.620018 0.400000 0.400000 0.400000
1290.169189 0.000000 1596.750244 0.000000 0.914184 0.000000 -0.405300 0.400000 0.400000 0.400000
1330.279297 0.000000 1590.187134 0.000000 0.011135 0.000000 -0.999938 0.400000 0.400000 0.400000
1337.526001 0.000000 1585.646362 0.000000 0.185255 0.000000 0.982691 0.400000 0.400000 0.400000
1330.352783 0.000000 1583.794800 0.000000 0.762546 0.000000 0.646934 0.400000 0.400000 0.400000
1334.622681 0.000000 1588.878906 0.000000 0.869218 0.000000 0.494428 0.400000 0.400000 0.400000
1319.781738 0.000000 1580.523926 0.000000 0.161917 0.000000 -0.986804 0.400000 0.400000 0.400000
1316.082153 0.000000 1577.394775 0.000000 0.486377 0.000000 0.873749 0.400000 0.400000 0.400000
1373.897705 0.000000 1557.148926 0.000000 0.639198 0.000000 -0.769042 0.400000 0.400000 0.400000
1366.739014 0.000000 1550.388672 0.000000 0.978954 0.000000 0.204081 0.400000 0.400000 0.400000
1386.145752 0.000000 1564.765869 0.000000 0.564298 0.000000 -0.825571 0.400000 0.400000 0.400000
1382.377319 0.000000 1563.467041 0.000000 0.039114 0.000000 -0.999235 0.400000 0.400000 0.400000
1403.188232 0.000000 1567.610596 0.000000 0.575230 0.000000 0.817992 0.400000 0.400000 0.400000
1381.356445 0.000000 1567.625977 0.000000 0.620891 0.000000 -0.783897 0.400000 0.400000 0.400000
1383.883667 0.000000 1589.907471 0.000000 0.207023 0.000000 -0.978336 0.400000 0.400000 0.400000
1404.866699 0.000000 1573.995972 0.000000 0.497387 0.000000 0.867529 0.400000 0.400000 0.400000
1386.451904 0.000000 1567.409546 0.000000 0.858929 0.000000 0.512094 0.400000 0.400000 0.400000
1381.349854 0.000000 1586.133179 0.000000 0.030279 0.000000 0.999541 0.400000 0.400000 0.400000
1290.169189 0.000000 1628.734619 0.000000 0.986194 0.000000 0.165594 0.400000 0.400000 0.400000
1282.468384 0.000000 1628.489624 0.000000 0.075611 0.000000 0.997137 0.400000 0.400000 0.400000
1280.439087 0.000000 1639.128052 0.000000 0.945432 0.000000 -0.325821 0.400000 0.400000 0.400000
1308.005005 0.000000 1657.373657 0.000000 0.413611 0.000000 -0.910454 0.400000 0.400000 0.400000
1285.379883 0.000000 1631.594727 0.000000 0.732468 0.000000 -0.680802 0.400000 0.400000 0.400000
1283.770874 0.000000 1645.860840 0.000000 0.905154 0.000000 0.425085 0.400000 0.400000 0.400000
1290.475342 0.000000 1631.378296 0.000000 0.480802 0.000000 -0.876829 0.400000 0.400000 0.400000
1309.913330 0.000000 1653.102051 0.000000 0.503806 0.000000 0.863817 0.400000 0.400000 0.400000
1279.803345 0.000000 1643.638306 0.000000 0.519769 0.000000 -0.854307 0.400000 0.400000 0.400000
1339.997192 0.000000 1657.373657 0.000000 0.423321 0.000000 0.905980 0.400000 0.400000 0.400000
1314.460571 0.000000 1660.473999 0.000000 0.325506 0.000000 -0.945540 0.400000 0.400000 0.400000
1341.952271 0.000000 1661.556152 0.000000 0.348842 0.000000 0.937182 0.400000 0.400000 0.400000
1394.263672 0.000000 1622.171509 0.000000 0.806659 0.000000 -0.591017 0.400000 0.400000 0.400000
1398.482178 0.000000 1625.439819 0.000000 0.993481 0.000000 -0.113996 0.400000 0.400000 0.400000
1343.922852 0.000000 1656.754883 0.000000 0.081136 0.000000 -0.996703 0.400000 0.400000 0.400000
1386.145752 0.000000 1660.718994 0.000000 0.868700 0.000000 -0.495338 0.400000 0.400000 0.400000
1383.766113 0.000000 1644.492676 0.000000 0.652713 0.000000 -0.757605 0.400000 0.400000 0.400000
1450.130127 0.000000 1564.765869 0.000000 0.240616 0.000000 -0.970621 0.400000 0.400000 0.400000
1459.808105 0.000000 1566.210938 0.000000 0.180511 0.000000 0.983573 0.400000 0.400000 0.400000
1426.255859 0.000000 1590.187134 0.000000 0.689977 0.000000 0.723831 0.400000 0.400000 0.400000
1427.815918 0.000000 1598.195312 0.000000 0.870333 0.000000 -0.492464 0.400000 0.400000 0.400000
1407.845093 0.000000 1568.878784 0.000000 0.910191 0.000000 0.414189 0.400000 0.400000 0.400000
1423.311279 0.000000 1595.194336 0.000000 0.058096 0.000000 -0.998311 0.400000 0.400000 0.400000
1453.831909 0.000000 1571.064209 0.000000 0.983800 0.000000 0.179267 0.400000 0.400000 0.400000
1461.139648 0.000000 1571.205200 0.000000 0.267926 0.000000 -0.963439 0.400000 0.400000 0.400000
1457.395630 0.000000 1567.513794 0.000000 0.999510 0.000000 0.031311 0.400000 0.400000 0.400000
1450.436279 0.000000 1567.409546 0.000000 0.984570 0.000000 -0.174992 0.400000 0.400000 0.400000
1463.421631 0.000000 1567.946533 0.000000 0.781064 0.000000 -0.624451 0.400000 0.400000 0.400000
1490.240234 0.000000 1558.202759 0.000000 0.955205 0.000000 0.295944 0.400000 0.400000 0.400000
1497.486938 0.000000 1553.661987 0.000000 0.852485 0.000000 0.522751 0.400000 0.400000 0.400000
1480.174805 0.000000 1543.955444 0.000000 0.148299 0.000000 -0.988943 0.400000 0.400000 0.400000
1490.313721 0.000000 1551.810425 0.000000 0.772123 0.000000 -0.635473 0.400000 0.400000 0.400000
1494.583618 0.000000 1556.894531 0.000000 0.586055 0.000000 0.810271 0.400000 0.400000 0.400000
1426.255859 0.000000 1622.171509 0.000000 0.374317 0.000000 0.927301 0.400000 0.400000 0.400000
1433.502563 0.000000 1617.630737 0.000000 0.762054 0.000000 -0.647514 0.400000 0.400000 0.400000
1520.526855 0.000000 1609.671021 0.000000 0.496639 0.000000 -0.867957 0.400000 0.400000 0.400000
1477.326416 0.000000 1650.101929 0.000000 0.740256 0.000000 -0.672325 0.400000 0.400000 0.400000
1494.583618 0.000000 1652.847656 0.000000 0.079537 0.000000 0.996832 0.400000 0.400000 0.400000
1527.770020 0.000000 1642.171021 0.000000 0.984857 0.000000 0.173366 0.400000 0.400000 0.400000
1533.264648 0.000000 1644.495361 0.000000 0.553534 0.000000 -0.832826 0.400000 0.400000 0.400000
1279.876343 0.000000 1664.831909 0.000000 0.015249 0.000000 0.999884 0.400000 0.400000 0.400000
1339.203857 0.000000 1663.563721 0.000000 0.810277 0.000000 0.586047 0.400000 0.400000 0.400000
1330.279297 0.000000 1686.140259 0.000000 0.654554 0.000000 -0.756015 0.400000 0.400000 0.400000
1327.334717 0.000000 1691.147461 0.000000 0.956266 0.000000 -0.292497 0.400000 0.400000 0.400000
1312.431274 0.000000 1703.096802 0.000000 0.346246 0.000000 -0.938144 0.400000 0.400000 0.400000
1372.874512 0.000000 1669.949097 0.000000 0.904402 0.000000 0.426682 0.400000 0.400000 0.400000
1386.451904 0.000000 1663.362671 0.000000 0.999985 0.000000 -0.005491 0.400000 0.400000 0.400000
1399.801270 0.000000 1706.139771 0.000000 0.955901 0.000000 0.293690 0.400000 0.400000 0.400000
1317.372070 0.000000 1727.547852 0.000000 0.669725 0.000000 -0.742610 0.400000 0.400000 0.400000
1337.526001 0.000000 1745.568237 0.000000 0.375781 0.000000 0.926709 0.400000 0.400000 0.400000
1334.746826 0.000000 1742.294922 0.000000 0.981763 0.000000 0.190107 0.400000 0.400000 0.400000
1379.747437 0.000000 1741.813965 0.000000 0.999966 0.000000 -0.008282 0.400000 0.400000 0.400000
1389.847534 0.000000 1762.970459 0.000000 0.870216 0.000000 -0.492670 0.400000 0.400000 0.400000
1390.050293 0.000000 1766.792847 0.000000 0.291672 0.000000 0.956519 0.400000 0.400000 0.400000
1415.875854 0.000000 1685.860596 0.000000 0.936653 0.000000 0.350258 0.400000 0.400000 0.400000
1421.139160 0.000000 1684.084595 0.000000 0.997659 0.000000 0.068379 0.400000 0.400000 0.400000
1467.965942 0.000000 1689.358032 0.000000 0.636904 0.000000 0.770943 0.400000 0.400000 0.400000
1451.133667 0.000000 1678.898804 0.000000 0.747603 0.000000 0.664145 0.400000 0.400000 0.400000
1461.139648 0.000000 1667.158325 0.000000 0.666559 0.000000 -0.745452 0.400000 0.400000 0.400000
1440.400024 0.000000 1703.096802 0.000000 0.996797 0.000000 0.079968 0.400000 0.400000 0.400000
1482.122314 0.000000 1692.703369 0.000000 0.967703 0.000000 -0.252093 0.400000 0.400000 0.400000
1431.793457 0.000000 1770.108521 0.000000 0.960607 0.000000 -0.277912 0.400000 0.400000 0.400000
1463.785645 0.000000 1770.108521 0.000000 0.600841 0.000000 0.799369 0.400000 0.400000 0.400000
1459.808105 0.000000 1790.101562 0.000000 0.543917 0.000000 -0.839139 0.400000 0.400000 0.400000
1474.421509 0.000000 1756.427124 0.000000 0.999971 0.000000 -0.007609 0.400000 0.400000 0.400000
1515.118042 0.000000 1742.867554 0.000000 0.789671 0.000000 0.613531 0.400000 0.400000 0.400000
1419.141479 0.000000 1806.836304 0.000000 0.579341 0.000000 -0.815085 0.400000 0.400000 0.400000
1559.762207 0.000000 1546.217896 0.000000 0.496573 0.000000 -0.867995 0.400000 0.400000 0.400000
1563.149170 0.000000 1535.626221 0.000000 0.256814 0.000000 0.966461 0.400000 0.400000 0.400000
1558.443115 0.000000 1625.439819 0.000000 0.689133 0.000000 -0.724635 0.400000 0.400000 0.400000
1568.368774 0.000000 1607.143677 0.000000 0.985952 0.000000 -0.167030 0.400000 0.400000 0.400000
1575.836792 0.000000 1621.891846 0.000000 0.854762 0.000000 -0.519019 0.400000 0.400000 0.400000
1549.107910 0.000000 1652.100220 0.000000 0.989015 0.000000 -0.147813 0.400000 0.400000 0.400000
1547.110229 0.000000 1710.883179 0.000000 0.998857 0.000000 0.047797 0.400000 0.400000 0.400000
1584.511230 0.000000 1705.624146 0.000000 0.209928 0.000000 0.977717 0.400000 0.400000 0.400000
1546.106689 0.000000 1788.656494 0.000000 0.841337 0.000000 0.540511 0.400000 0.400000 0.400000
1551.280029 0.000000 1787.100586 0.000000 0.268596 0.000000 -0.963253 0.400000 0.400000 0.400000
1547.458862 0.000000 1784.342041 0.000000 0.598032 0.000000 -0.801472 0.400000 0.400000 0.400000
1586.290283 0.000000 1775.701050 0.000000 0.998108 0.000000 -0.061485 0.400000 0.400000 0.400000
1546.412842 0.000000 1791.300171 0.000000 0.475253 0.000000 0.879849 0.400000 0.400000 0.400000
1584.511230 0.000000 1801.577271 0.000000 0.041483 0.000000 -0.999139 0.400000 0.400000 0.400000
"}
