object={
	name="tree_jungle_01_c_generator_1_0"
	render_pass=Map
	clamp_to_water_level=no
	generated_content=yes
	layer="tree_high_layer"
	pdxmesh="tree_jungle_01_c_mesh"
	count=118
	transform="377.760315 0.000000 722.068237 0.000000 0.768332 0.000000 0.640052 0.887515 0.887515 0.887515
367.380676 0.000000 717.781555 0.000000 0.911232 0.000000 -0.411893 0.911446 0.911446 0.911446
330.403564 0.000000 765.156555 0.000000 0.222569 0.000000 -0.974917 0.915125 0.915125 0.915125
320.910217 0.000000 757.140564 0.000000 0.811389 0.000000 -0.584507 0.915429 0.915429 0.915429
324.005219 0.000000 750.298340 0.000000 0.508165 0.000000 -0.861260 0.934975 0.934975 0.934975
335.576965 0.000000 763.600586 0.000000 0.396270 0.000000 -0.918134 0.920911 0.920911 0.920911
363.399323 0.000000 751.351868 0.000000 0.664086 0.000000 -0.747656 0.922771 0.922771 0.922771
446.170990 0.000000 702.024841 0.000000 0.795470 0.000000 0.605993 0.886835 0.886835 0.886835
475.414734 0.000000 672.048096 0.000000 0.555417 0.000000 0.831572 0.875731 0.875731 0.875731
461.373566 0.000000 692.568970 0.000000 0.969034 0.000000 0.246927 0.896076 0.896076 0.896076
474.330444 0.000000 675.321045 0.000000 0.989847 0.000000 0.142139 0.895193 0.895193 0.895193
392.125793 0.000000 726.329346 0.000000 0.777378 0.000000 0.629034 0.880128 0.880128 0.880128
400.800323 0.000000 714.108521 0.000000 0.307260 0.000000 -0.951626 0.939587 0.939587 0.939587
397.389191 0.000000 724.553345 0.000000 0.443654 0.000000 0.896198 0.877531 0.877531 0.877531
414.132080 0.000000 725.555176 0.000000 0.877614 0.000000 -0.479368 0.911233 0.911233 0.911233
427.383698 0.000000 719.367493 0.000000 0.889270 0.000000 0.457383 0.885057 0.885057 0.885057
436.058075 0.000000 734.617126 0.000000 0.818582 0.000000 -0.574390 0.915123 0.915123 0.915123
424.000488 0.000000 716.945801 0.000000 0.776100 0.000000 -0.630610 0.919931 0.919931 0.919931
394.387939 0.000000 765.156555 0.000000 0.873214 0.000000 -0.487336 0.906862 0.906862 0.906862
384.894592 0.000000 757.140564 0.000000 0.722465 0.000000 0.691408 0.886277 0.886277 0.886277
389.598572 0.000000 736.032166 0.000000 0.421595 0.000000 0.906784 0.874484 0.874484 0.874484
388.745575 0.000000 740.760620 0.000000 0.943887 0.000000 0.330268 0.894706 0.894706 0.894706
389.592072 0.000000 754.539368 0.000000 0.421073 0.000000 -0.907027 0.935740 0.935740 0.935740
384.022125 0.000000 748.075806 0.000000 0.999239 0.000000 -0.038998 0.900964 0.900964 0.900964
384.263733 0.000000 752.718506 0.000000 0.913846 0.000000 -0.406062 0.909395 0.909395 0.909395
390.619476 0.000000 763.857666 0.000000 0.806136 0.000000 -0.591731 0.919918 0.919918 0.919918
403.869049 0.000000 748.428345 0.000000 0.951761 0.000000 0.306840 0.890890 0.890890 0.890890
430.081909 0.000000 739.470459 0.000000 0.995400 0.000000 -0.095803 0.901725 0.901725 0.901725
421.590759 0.000000 736.032166 0.000000 0.976180 0.000000 0.216961 0.895086 0.895086 0.895086
436.058075 0.000000 766.601501 0.000000 0.461375 0.000000 0.887205 0.863221 0.863221 0.863221
421.584259 0.000000 754.539368 0.000000 0.973121 0.000000 0.230296 0.892168 0.892168 0.892168
202.434814 0.000000 797.140930 0.000000 0.832872 0.000000 0.553466 0.898682 0.898682 0.898682
220.270615 0.000000 793.795471 0.000000 0.009826 0.000000 -0.999952 0.903507 0.903507 0.903507
207.608200 0.000000 795.584961 0.000000 0.927782 0.000000 -0.373124 0.912028 0.912028 0.912028
240.839386 0.000000 778.077271 0.000000 0.786078 0.000000 -0.618127 0.913475 0.913475 0.913475
224.061188 0.000000 780.060181 0.000000 1.000000 0.000000 -0.000757 0.900025 0.900025 0.900025
224.196350 0.000000 793.176819 0.000000 0.769054 0.000000 -0.639183 0.923371 0.923371 0.923371
243.908127 0.000000 780.412720 0.000000 0.658404 0.000000 0.752664 0.871281 0.871281 0.871281
243.865875 0.000000 787.339172 0.000000 0.999774 0.000000 -0.021246 0.900716 0.900716 0.900716
216.090332 0.000000 810.577209 0.000000 0.570398 0.000000 -0.821369 0.910828 0.910828 0.910828
228.028656 0.000000 814.267090 0.000000 0.189614 0.000000 0.981859 0.887597 0.887597 0.887597
254.171143 0.000000 821.508301 0.000000 0.381634 0.000000 -0.924314 0.939744 0.939744 0.939744
229.631134 0.000000 818.508118 0.000000 0.214080 0.000000 0.976816 0.860420 0.860420 0.860420
235.779205 0.000000 824.810730 0.000000 0.407958 0.000000 -0.913001 0.938779 0.938779 0.938779
230.658524 0.000000 827.826416 0.000000 0.729751 0.000000 0.683713 0.878010 0.878010 0.878010
202.434814 0.000000 861.109680 0.000000 0.926869 0.000000 -0.375384 0.902594 0.902594 0.902594
207.608200 0.000000 859.553711 0.000000 0.854329 0.000000 0.519732 0.888948 0.888948 0.888948
203.438385 0.000000 1007.226868 0.000000 0.483152 0.000000 -0.875537 0.935946 0.935946 0.935946
208.847198 0.000000 1001.967896 0.000000 0.131963 0.000000 -0.991255 0.932320 0.932320 0.932320
195.349258 0.000000 993.857117 0.000000 0.781969 0.000000 -0.623317 0.931754 0.931754 0.931754
284.254974 0.000000 793.795471 0.000000 0.999169 0.000000 0.040749 0.899817 0.899817 0.899817
267.422760 0.000000 783.336243 0.000000 0.788533 0.000000 0.614993 0.880652 0.880652 0.880652
278.755585 0.000000 793.846008 0.000000 0.190233 0.000000 0.981739 0.853510 0.853510 0.853510
286.210052 0.000000 797.977966 0.000000 0.938017 0.000000 -0.346589 0.911929 0.911929 0.911929
267.771393 0.000000 792.826355 0.000000 0.643037 0.000000 0.765835 0.874519 0.874519 0.874519
286.569427 0.000000 785.695801 0.000000 0.871033 0.000000 0.491224 0.882693 0.882693 0.882693
281.523224 0.000000 794.900940 0.000000 0.552105 0.000000 0.833775 0.837973 0.837973 0.837973
290.710571 0.000000 796.895813 0.000000 0.998771 0.000000 0.049553 0.898552 0.898552 0.898552
296.463928 0.000000 776.330383 0.000000 0.560499 0.000000 0.828155 0.891230 0.891230 0.891230
306.602814 0.000000 784.185364 0.000000 0.066841 0.000000 -0.997764 0.933791 0.933791 0.933791
296.031738 0.000000 780.914551 0.000000 0.390609 0.000000 -0.920557 0.934161 0.934161 0.934161
314.369507 0.000000 771.274170 0.000000 0.904623 0.000000 -0.426213 0.914840 0.914840 0.914840
280.074707 0.000000 810.577209 0.000000 0.140613 0.000000 -0.990065 0.928912 0.928912 0.928912
256.925842 0.000000 821.109314 0.000000 0.582998 0.000000 -0.812473 0.908524 0.908524 0.908524
264.471741 0.000000 808.314758 0.000000 0.245428 0.000000 0.969415 0.873250 0.873250 0.873250
286.210052 0.000000 829.962341 0.000000 0.871056 0.000000 -0.491184 0.916151 0.916151 0.916151
268.445404 0.000000 810.771606 0.000000 0.090099 0.000000 0.995933 0.870060 0.870060 0.870060
280.814880 0.000000 806.347229 0.000000 0.435861 0.000000 -0.900014 0.937741 0.937741 0.937741
279.004700 0.000000 814.747986 0.000000 0.941585 0.000000 0.336775 0.888423 0.888423 0.888423
288.681244 0.000000 807.534363 0.000000 0.020588 0.000000 -0.999788 0.903483 0.903483 0.903483
302.113159 0.000000 803.439209 0.000000 0.999756 0.000000 -0.022087 0.900546 0.900546 0.900546
308.089325 0.000000 830.570251 0.000000 0.105033 0.000000 0.994469 0.863777 0.863777 0.863777
309.420898 0.000000 803.580139 0.000000 0.013305 0.000000 0.999911 0.882502 0.882502 0.882502
310.747772 0.000000 825.830383 0.000000 0.161063 0.000000 -0.986944 0.928493 0.928493 0.928493
307.892487 0.000000 812.397095 0.000000 0.125680 0.000000 -0.992071 0.961679 0.961679 0.961679
307.402710 0.000000 825.796997 0.000000 0.036899 0.000000 -0.999319 0.975823 0.975823 0.975823
309.232697 0.000000 823.520569 0.000000 0.186555 0.000000 0.982445 0.806767 0.806767 0.806767
309.531982 0.000000 810.495422 0.000000 0.021634 0.000000 -0.999766 1.039232 1.039232 1.039232
307.171967 0.000000 809.942444 0.000000 0.773802 0.000000 -0.633427 0.950863 0.950863 0.950863
349.124451 0.000000 774.386658 0.000000 0.332462 0.000000 0.943117 0.872321 0.872321 0.872321
330.709656 0.000000 767.800171 0.000000 0.978675 0.000000 0.205414 0.893027 0.893027 0.893027
352.665619 0.000000 775.549988 0.000000 0.973680 0.000000 -0.227920 0.907750 0.907750 0.907750
377.760315 0.000000 786.036987 0.000000 0.699407 0.000000 0.714724 0.885688 0.885688 0.885688
356.194489 0.000000 792.552734 0.000000 0.401560 0.000000 -0.915833 0.939014 0.939014 0.939014
374.857056 0.000000 789.269531 0.000000 0.784904 0.000000 0.619617 0.883484 0.883484 0.883484
320.037750 0.000000 812.044556 0.000000 0.991505 0.000000 -0.130067 0.902931 0.902931 0.902931
346.256378 0.000000 822.763000 0.000000 0.419978 0.000000 0.907534 0.861667 0.861667 0.861667
324.005035 0.000000 816.696106 0.000000 0.548711 0.000000 0.836012 0.835493 0.835493 0.835493
379.438171 0.000000 799.985596 0.000000 0.128834 0.000000 -0.991666 0.916196 0.916196 0.916196
352.102844 0.000000 801.253845 0.000000 0.986696 0.000000 0.162575 0.897432 0.897432 0.897432
366.300262 0.000000 807.261597 0.000000 0.187480 0.000000 0.982268 0.856521 0.856521 0.856521
378.353882 0.000000 803.258545 0.000000 0.019143 0.000000 -0.999817 0.952296 0.952296 0.952296
281.783752 0.000000 850.005737 0.000000 0.976264 0.000000 0.216583 0.896076 0.896076 0.896076
266.725281 0.000000 863.753296 0.000000 0.619738 0.000000 0.784809 0.881752 0.881752 0.881752
320.110657 0.000000 833.238220 0.000000 0.714327 0.000000 -0.699812 0.926125 0.926125 0.926125
324.761200 0.000000 836.713745 0.000000 0.635276 0.000000 0.772285 0.878190 0.878190 0.878190
408.043457 0.000000 778.592834 0.000000 0.699569 0.000000 0.714565 0.891057 0.891057 0.891057
384.894592 0.000000 789.124939 0.000000 0.657903 0.000000 -0.753102 0.907664 0.907664 0.907664
389.592072 0.000000 786.523743 0.000000 0.360106 0.000000 0.932911 0.878386 0.878386 0.878386
406.973450 0.000000 782.763611 0.000000 0.789259 0.000000 -0.614060 0.916342 0.916342 0.916342
430.081909 0.000000 771.454834 0.000000 0.819571 0.000000 0.572977 0.891775 0.891775 0.891775
388.745575 0.000000 804.729370 0.000000 0.338325 0.000000 -0.941029 0.935801 0.935801 0.935801
393.726440 0.000000 804.118530 0.000000 0.784716 0.000000 0.619856 0.881974 0.881974 0.881974
395.270538 0.000000 806.766113 0.000000 0.930265 0.000000 0.366889 0.881430 0.881430 0.881430
412.223724 0.000000 921.732971 0.000000 0.801638 0.000000 0.597810 0.889922 0.889922 0.889922
397.389191 0.000000 916.459595 0.000000 0.645432 0.000000 -0.763818 0.925389 0.925389 0.925389
414.178802 0.000000 925.915466 0.000000 0.969010 0.000000 -0.247021 0.906730 0.906730 0.906730
406.849243 0.000000 917.207031 0.000000 0.905966 0.000000 -0.423350 0.920626 0.920626 0.920626
403.869049 0.000000 908.350220 0.000000 0.934648 0.000000 -0.355576 0.911435 0.911435 0.911435
398.158325 0.000000 927.039612 0.000000 0.968415 0.000000 0.249343 0.891507 0.891507 0.891507
430.081909 0.000000 899.392334 0.000000 0.862256 0.000000 -0.506473 0.913126 0.913126 0.913126
411.430359 0.000000 927.923096 0.000000 0.711522 0.000000 0.702664 0.880743 0.880743 0.880743
397.389191 0.000000 948.443970 0.000000 0.982240 0.000000 -0.187631 0.906362 0.906362 0.906362
401.653473 0.000000 927.826294 0.000000 0.955590 0.000000 0.294700 0.893951 0.893951 0.893951
388.745575 0.000000 932.666870 0.000000 0.997989 0.000000 -0.063390 0.901283 0.901283 0.901283
393.726440 0.000000 932.056030 0.000000 0.866122 0.000000 0.499832 0.888240 0.888240 0.888240
398.158325 0.000000 959.023987 0.000000 0.368036 0.000000 -0.929811 0.940238 0.940238 0.940238
398.089722 0.000000 963.361084 0.000000 0.010218 0.000000 0.999948 0.882468 0.882468 0.882468
"}
