object={
	name="tree_palm_generator_1_0"
	render_pass=Map
	clamp_to_water_level=no
	generated_content=yes
	layer="tree_high_layer"
	pdxmesh="tree_palm_01_a_mesh"
	count=4
	transform="3419.516357 0.000000 947.339600 0.000000 0.726970 0.000000 0.686669 0.658730 0.658730 0.658730
3420.320801 0.000000 943.536682 0.000000 0.950902 0.000000 0.309491 0.679764 0.679764 0.679764
3422.176514 0.000000 942.493042 0.000000 0.840243 0.000000 -0.542211 0.732047 0.732047 0.732047
3459.239502 0.000000 944.633606 0.000000 0.350512 0.000000 -0.936558 0.752558 0.752558 0.752558
"}
