object={
	name="tree_leaf_2_high_generator_1_0"
	render_pass=Map
	clamp_to_water_level=no
	generated_content=yes
	layer="tree_high_layer"
	pdxmesh="tree_leaf_01_a_mesh"
	count=4
	transform="2491.715820 0.000000 1401.498657 0.000000 0.999794 0.000000 0.020288 0.597022 0.597022 0.597022
2486.216553 0.000000 1401.549194 0.000000 0.855622 0.000000 0.517600 0.540509 0.540509 0.540509
2489.650635 0.000000 1400.594482 0.000000 0.424963 0.000000 0.905211 0.460972 0.460972 0.460972
2863.560547 0.000000 1471.927734 0.000000 0.992747 0.000000 0.120226 0.574185 0.574185 0.574185
"}
object={
	name="tree_leaf_2_high_generator_1_1"
	render_pass=Map
	clamp_to_water_level=no
	generated_content=yes
	layer="tree_high_layer"
	pdxmesh="tree_leaf_01_b_mesh"
	count=3
	transform="2488.034180 0.000000 1401.099976 0.000000 0.118343 0.000000 -0.992973 0.778371 0.778371 0.778371
2862.959717 0.000000 1467.256836 0.000000 0.942393 0.000000 -0.334509 0.609197 0.609197 0.609197
2863.406006 0.000000 1471.161865 0.000000 0.006260 0.000000 -0.999980 0.935130 0.935130 0.935130
"}
